Initializing size processing on images from folder data/train.
(77, 30) 1
(142, 81) 1
(152, 47) 1
(164, 94) 1
(164, 212) 1
(170, 80) 1
(175, 75) 1
(177, 76) 2
(179, 77) 1
(183, 105) 1
(184, 123) 1
(188, 81) 1
(190, 81) 1
(191, 105) 1
(199, 117) 1
(200, 133) 1
(205, 103) 1
(206, 88) 1
(213, 195) 1
(216, 103) 1
(219, 94) 2
(222, 95) 1
(223, 96) 1
(223, 100) 1
(226, 97) 1
(228, 110) 1
(228, 152) 1
(229, 132) 1
(230, 132) 1
(231, 70) 1
(231, 89) 1
(232, 84) 1
(235, 101) 2
(237, 120) 1
(237, 185) 1
(238, 159) 1
(240, 137) 3
(242, 90) 1
(243, 139) 1
(244, 105) 1
(244, 216) 1
(245, 105) 1
(245, 163) 1
(246, 104) 1
(248, 142) 1
(251, 126) 1
(252, 81) 1
(252, 108) 1
(252, 137) 1
(252, 158) 1
(254, 78) 1
(255, 102) 1
(255, 127) 1
(256, 147) 1
(257, 146) 1
(257, 203) 1
(258, 147) 1
(259, 125) 1
(260, 124) 1
(261, 140) 1
(263, 200) 1
(264, 184) 1
(266, 114) 1
(266, 152) 1
(266, 158) 1
(267, 109) 1
(267, 115) 1
(270, 138) 1
(271, 111) 1
(275, 118) 1
(276, 121) 1
(276, 161) 1
(277, 140) 1
(279, 119) 1
(279, 186) 1
(281, 167) 1
(282, 121) 1
(282, 128) 1
(282, 158) 1
(284, 114) 1
(284, 162) 1
(286, 134) 1
(286, 146) 1
(286, 282) 1
(286, 303) 1
(289, 124) 1
(289, 577) 1
(290, 170) 1
(292, 167) 1
(293, 186) 1
(294, 126) 1
(295, 211) 1
(295, 214) 1
(296, 127) 1
(296, 136) 1
(297, 124) 1
(298, 171) 1
(299, 108) 1
(300, 126) 1
(301, 146) 1
(302, 138) 1
(303, 125) 1
(305, 57) 1
(305, 147) 1
(305, 218) 1
(306, 175) 1
(307, 198) 1
(309, 131) 1
(309, 161) 1
(311, 157) 1
(311, 177) 1
(312, 178) 1
(312, 179) 1
(313, 134) 1
(315, 135) 1
(315, 146) 1
(315, 180) 1
(316, 180) 1
(316, 211) 1
(317, 169) 1
(317, 211) 1
(320, 200) 1
(321, 157) 1
(321, 184) 1
(322, 184) 2
(323, 380) 1
(324, 219) 1
(325, 139) 1
(327, 72) 1
(327, 125) 1
(327, 157) 1
(327, 187) 1
(328, 114) 1
(328, 229) 1
(330, 188) 1
(330, 220) 1
(332, 189) 1
(332, 266) 1
(334, 170) 1
(335, 241) 1
(337, 151) 1
(338, 86) 1
(338, 145) 1
(338, 156) 1
(340, 124) 1
(340, 145) 1
(340, 165) 1
(340, 178) 1
(341, 146) 3
(341, 183) 1
(342, 147) 1
(343, 101) 1
(343, 147) 1
(343, 185) 1
(344, 197) 1
(345, 148) 1
(346, 198) 1
(348, 123) 1
(348, 149) 1
(349, 185) 1
(349, 241) 1
(350, 333) 1
(351, 151) 1
(352, 151) 1
(352, 276) 1
(353, 202) 1
(353, 235) 1
(354, 125) 1
(356, 179) 1
(356, 204) 1
(356, 325) 1
(357, 171) 1
(357, 209) 1
(358, 145) 1
(358, 153) 1
(360, 116) 1
(360, 154) 1
(360, 159) 1
(360, 183) 1
(361, 155) 1
(361, 182) 1
(361, 206) 1
(362, 128) 1
(362, 181) 1
(364, 156) 1
(364, 182) 1
(365, 102) 1
(365, 186) 1
(366, 120) 1
(366, 157) 2
(366, 220) 1
(366, 244) 1
(367, 104) 1
(367, 153) 1
(367, 236) 1
(371, 186) 1
(371, 211) 1
(371, 236) 1
(372, 213) 1
(372, 248) 1
(373, 169) 1
(373, 187) 1
(373, 200) 1
(374, 160) 1
(374, 213) 1
(375, 121) 1
(375, 146) 1
(375, 255) 1
(376, 161) 1
(376, 162) 1
(376, 201) 1
(377, 148) 1
(378, 151) 1
(379, 134) 1
(380, 217) 1
(381, 254) 2
(382, 191) 1
(383, 189) 1
(383, 311) 1
(384, 174) 1
(384, 219) 1
(384, 256) 1
(384, 313) 1
(385, 179) 1
(385, 206) 1
(386, 220) 1
(386, 257) 1
(387, 126) 1
(387, 166) 1
(387, 222) 1
(388, 166) 1
(388, 222) 1
(389, 167) 1
(389, 296) 1
(391, 161) 1
(392, 169) 1
(392, 261) 1
(393, 259) 1
(393, 262) 2
(394, 225) 3
(394, 263) 1
(395, 79) 1
(395, 168) 1
(395, 170) 1
(396, 170) 1
(396, 201) 1
(396, 264) 2
(398, 120) 1
(398, 202) 1
(399, 228) 1
(400, 267) 1
(401, 172) 1
(401, 217) 1
(401, 229) 1
(403, 153) 1
(403, 173) 1
(403, 213) 1
(403, 269) 1
(404, 168) 1
(404, 185) 1
(404, 199) 1
(404, 231) 1
(404, 290) 1
(405, 174) 1
(405, 185) 1
(405, 213) 1
(406, 166) 1
(406, 173) 1
(407, 174) 1
(407, 219) 1
(408, 272) 1
(409, 160) 1
(409, 175) 1
(409, 205) 1
(411, 83) 1
(411, 201) 1
(412, 177) 1
(412, 259) 1
(412, 275) 1
(413, 143) 1
(413, 236) 1
(414, 177) 1
(415, 160) 1
(415, 214) 1
(415, 277) 1
(416, 163) 1
(416, 242) 1
(417, 187) 1
(417, 238) 1
(417, 298) 1
(418, 179) 2
(419, 150) 1
(420, 240) 2
(421, 131) 1
(421, 177) 1
(421, 193) 1
(421, 241) 1
(421, 281) 1
(422, 181) 3
(422, 241) 1
(422, 281) 2
(422, 388) 1
(423, 152) 1
(423, 185) 1
(423, 188) 1
(424, 201) 1
(425, 218) 2
(425, 219) 3
(426, 180) 1
(427, 183) 1
(427, 224) 1
(428, 171) 1
(428, 183) 2
(428, 360) 1
(429, 218) 1
(429, 245) 1
(429, 286) 1
(429, 302) 1
(430, 287) 1
(431, 159) 1
(431, 185) 2
(431, 196) 1
(431, 287) 1
(432, 185) 1
(432, 197) 1
(432, 288) 1
(434, 289) 1
(435, 290) 1
(436, 187) 1
(436, 249) 1
(437, 181) 1
(437, 216) 1
(438, 188) 1
(438, 292) 2
(439, 172) 1
(439, 188) 2
(439, 193) 1
(439, 199) 1
(439, 251) 3
(439, 263) 1
(440, 150) 1
(440, 252) 1
(441, 252) 1
(441, 294) 1
(442, 190) 1
(443, 190) 1
(443, 253) 1
(444, 190) 1
(444, 199) 1
(444, 254) 1
(444, 265) 1
(445, 164) 1
(445, 303) 1
(446, 255) 1
(446, 297) 1
(447, 129) 1
(447, 273) 1
(448, 153) 1
(448, 180) 1
(448, 308) 1
(449, 252) 1
(449, 272) 1
(449, 299) 1
(449, 315) 1
(450, 161) 1
(450, 193) 1
(450, 225) 1
(450, 257) 1
(450, 272) 1
(450, 300) 1
(451, 193) 2
(451, 258) 1
(451, 271) 1
(451, 325) 1
(452, 197) 1
(452, 208) 1
(452, 258) 4
(452, 291) 1
(453, 120) 1
(453, 204) 1
(453, 259) 1
(453, 302) 2
(454, 195) 1
(455, 211) 1
(456, 150) 1
(457, 126) 1
(457, 208) 1
(457, 305) 1
(459, 229) 1
(459, 262) 1
(459, 306) 1
(460, 211) 1
(460, 230) 1
(460, 238) 1
(460, 243) 1
(460, 262) 1
(460, 394) 1
(461, 198) 2
(461, 263) 1
(462, 198) 1
(462, 224) 1
(463, 264) 1
(464, 161) 1
(465, 120) 1
(465, 199) 1
(465, 266) 1
(466, 621) 1
(467, 311) 1
(469, 201) 1
(470, 120) 1
(470, 171) 1
(470, 193) 1
(470, 268) 1
(471, 135) 1
(471, 190) 1
(471, 312) 1
(472, 187) 1
(472, 236) 4
(472, 237) 5
(473, 203) 2
(473, 315) 2
(474, 203) 3
(474, 270) 1
(474, 316) 1
(475, 285) 1
(476, 159) 1
(476, 165) 1
(476, 199) 1
(476, 272) 3
(476, 533) 1
(477, 161) 1
(477, 204) 1
(477, 273) 1
(477, 318) 1
(477, 421) 1
(478, 273) 3
(479, 164) 1
(479, 274) 2
(479, 283) 1
(480, 155) 1
(480, 240) 3
(481, 159) 1
(481, 206) 1
(481, 321) 2
(483, 157) 1
(483, 207) 2
(483, 322) 2
(484, 242) 1
(484, 277) 2
(485, 208) 1
(485, 243) 1
(485, 277) 2
(485, 278) 1
(486, 208) 1
(486, 249) 1
(486, 277) 1
(487, 151) 1
(488, 325) 2
(489, 175) 1
(489, 422) 1
(490, 204) 1
(490, 210) 1
(490, 263) 1
(490, 327) 2
(490, 395) 1
(491, 327) 1
(492, 211) 1
(492, 328) 3
(492, 338) 1
(493, 232) 1
(493, 282) 1
(493, 329) 2
(493, 349) 1
(493, 369) 1
(494, 197) 1
(494, 212) 1
(495, 176) 1
(495, 283) 1
(495, 330) 1
(496, 140) 1
(496, 186) 1
(496, 247) 1
(496, 248) 1
(496, 283) 1
(497, 109) 1
(497, 129) 1
(497, 271) 1
(498, 172) 1
(498, 332) 1
(499, 214) 1
(499, 285) 1
(499, 363) 1
(499, 393) 1
(500, 214) 2
(500, 279) 1
(500, 394) 1
(500, 581) 1
(501, 215) 2
(501, 247) 1
(501, 286) 1
(502, 251) 2
(503, 215) 1
(503, 216) 2
(503, 257) 1
(503, 338) 1
(504, 145) 1
(504, 174) 1
(504, 223) 1
(504, 288) 2
(505, 211) 1
(505, 289) 1
(505, 355) 1
(506, 289) 1
(506, 322) 2
(506, 360) 1
(506, 361) 1
(507, 217) 1
(507, 338) 1
(508, 209) 1
(508, 339) 1
(509, 291) 1
(509, 306) 1
(509, 339) 1
(510, 219) 1
(510, 232) 1
(510, 291) 2
(510, 340) 3
(511, 293) 1
(512, 177) 1
(512, 219) 1
(512, 242) 1
(512, 246) 1
(512, 292) 2
(512, 293) 1
(513, 157) 1
(513, 197) 1
(513, 220) 1
(513, 341) 1
(513, 342) 2
(513, 390) 1
(514, 187) 1
(514, 219) 1
(514, 251) 1
(514, 333) 1
(514, 343) 1
(515, 191) 1
(516, 229) 1
(516, 244) 1
(516, 314) 1
(516, 318) 1
(516, 323) 1
(516, 324) 1
(516, 344) 1
(518, 105) 1
(518, 345) 1
(518, 398) 1
(520, 89) 1
(521, 126) 1
(521, 199) 1
(521, 247) 1
(522, 166) 1
(522, 184) 1
(522, 189) 1
(522, 227) 1
(522, 261) 1
(522, 348) 3
(524, 191) 1
(524, 349) 1
(525, 158) 1
(525, 189) 1
(525, 200) 1
(525, 207) 1
(525, 255) 1
(525, 284) 1
(525, 299) 2
(525, 300) 33
(525, 301) 7
(525, 302) 2
(525, 304) 1
(525, 314) 1
(525, 339) 1
(525, 340) 1
(525, 350) 1
(525, 361) 1
(525, 375) 9
(525, 411) 1
(526, 226) 1
(526, 285) 1
(526, 300) 1
(526, 316) 1
(526, 351) 2
(527, 209) 1
(527, 226) 1
(527, 301) 2
(527, 302) 1
(527, 351) 1
(528, 226) 1
(528, 316) 1
(529, 224) 1
(529, 227) 1
(529, 288) 1
(530, 172) 1
(530, 225) 1
(530, 303) 1
(530, 353) 1
(530, 355) 1
(530, 530) 1
(531, 354) 2
(531, 402) 1
(532, 200) 1
(532, 215) 1
(532, 304) 1
(532, 352) 1
(532, 446) 1
(533, 298) 1
(533, 301) 1
(533, 304) 1
(533, 305) 3
(533, 353) 1
(533, 355) 1
(534, 187) 1
(534, 228) 1
(534, 229) 1
(534, 267) 1
(534, 305) 1
(534, 381) 1
(535, 229) 1
(535, 253) 1
(535, 281) 1
(535, 305) 1
(535, 306) 3
(535, 323) 1
(536, 159) 1
(536, 197) 1
(536, 204) 1
(536, 258) 1
(536, 306) 1
(536, 357) 2
(537, 307) 1
(537, 358) 2
(538, 208) 1
(538, 231) 2
(538, 307) 1
(538, 542) 1
(539, 308) 1
(539, 359) 1
(539, 424) 1
(540, 230) 1
(540, 231) 1
(540, 255) 1
(540, 270) 2
(540, 309) 1
(540, 360) 1
(541, 186) 1
(541, 232) 1
(541, 303) 1
(541, 309) 2
(542, 232) 1
(543, 162) 1
(543, 233) 1
(543, 316) 1
(543, 362) 1
(544, 219) 1
(544, 272) 1
(545, 125) 1
(545, 233) 2
(545, 363) 2
(546, 193) 1
(546, 219) 1
(546, 301) 1
(546, 312) 1
(546, 349) 1
(546, 364) 2
(547, 234) 1
(547, 235) 1
(547, 312) 2
(547, 313) 1
(547, 365) 1
(548, 162) 1
(548, 194) 1
(548, 235) 2
(548, 313) 2
(549, 235) 1
(549, 298) 1
(549, 314) 1
(549, 355) 1
(549, 366) 1
(550, 211) 1
(550, 226) 1
(550, 319) 1
(550, 683) 1
(551, 177) 1
(551, 315) 3
(552, 194) 1
(552, 237) 2
(552, 315) 1
(552, 316) 2
(552, 368) 2
(553, 171) 1
(553, 210) 1
(553, 237) 3
(553, 246) 1
(553, 287) 1
(553, 369) 1
(554, 219) 1
(554, 226) 1
(554, 277) 2
(554, 285) 1
(554, 316) 1
(555, 238) 1
(555, 278) 1
(555, 291) 1
(555, 317) 1
(555, 396) 1
(556, 138) 1
(556, 190) 1
(556, 278) 1
(556, 322) 1
(556, 361) 1
(556, 371) 1
(557, 219) 1
(557, 272) 1
(557, 318) 1
(557, 371) 2
(558, 163) 1
(558, 229) 1
(558, 239) 1
(558, 240) 1
(558, 318) 1
(558, 319) 1
(559, 253) 1
(559, 319) 1
(559, 373) 2
(560, 240) 3
(560, 320) 1
(560, 321) 1
(560, 373) 1
(561, 241) 1
(561, 368) 1
(561, 374) 1
(561, 400) 1
(561, 480) 1
(562, 191) 1
(562, 241) 1
(562, 281) 1
(562, 317) 1
(562, 321) 1
(562, 375) 2
(562, 401) 1
(563, 241) 2
(563, 243) 1
(563, 259) 1
(563, 319) 1
(563, 411) 1
(564, 168) 1
(564, 219) 1
(564, 242) 2
(564, 322) 1
(564, 357) 1
(565, 224) 1
(565, 258) 1
(565, 303) 1
(565, 313) 1
(565, 363) 1
(565, 415) 1
(566, 116) 1
(566, 242) 1
(566, 377) 1
(566, 440) 1
(567, 340) 1
(567, 378) 2
(567, 428) 1
(568, 149) 1
(568, 248) 1
(568, 276) 1
(568, 284) 1
(568, 287) 1
(568, 325) 2
(568, 711) 1
(569, 177) 1
(569, 201) 1
(569, 229) 1
(569, 244) 2
(569, 251) 1
(569, 257) 1
(569, 288) 1
(569, 324) 1
(569, 379) 1
(570, 194) 1
(570, 237) 1
(570, 244) 1
(570, 270) 1
(570, 279) 1
(570, 307) 1
(570, 326) 2
(570, 377) 1
(570, 380) 1
(570, 424) 1
(570, 440) 1
(572, 171) 1
(572, 178) 1
(572, 219) 1
(572, 326) 1
(572, 327) 1
(572, 342) 1
(572, 381) 3
(573, 253) 1
(573, 382) 1
(574, 287) 1
(574, 328) 1
(574, 336) 1
(574, 383) 1
(574, 543) 1
(575, 187) 1
(575, 207) 1
(575, 302) 1
(575, 328) 1
(575, 329) 1
(576, 256) 1
(576, 298) 1
(577, 159) 1
(577, 236) 1
(577, 247) 1
(577, 330) 1
(577, 342) 1
(577, 385) 1
(578, 289) 1
(578, 330) 1
(578, 331) 1
(578, 386) 1
(579, 228) 1
(579, 248) 1
(579, 347) 1
(579, 386) 3
(580, 199) 1
(580, 249) 1
(580, 311) 1
(580, 387) 1
(581, 163) 1
(581, 190) 1
(581, 230) 1
(581, 249) 1
(581, 257) 1
(581, 379) 1
(581, 384) 1
(581, 427) 1
(582, 161) 1
(582, 333) 1
(583, 250) 1
(583, 302) 1
(584, 292) 1
(584, 334) 2
(585, 251) 2
(585, 334) 2
(585, 418) 1
(586, 251) 2
(586, 288) 1
(586, 293) 1
(586, 352) 1
(587, 193) 1
(587, 235) 1
(587, 238) 1
(587, 295) 1
(587, 335) 2
(587, 338) 1
(587, 391) 1
(588, 154) 1
(588, 228) 1
(588, 294) 2
(588, 336) 1
(589, 179) 1
(589, 239) 1
(589, 243) 1
(589, 245) 1
(589, 249) 1
(589, 337) 1
(589, 447) 1
(590, 168) 1
(590, 265) 1
(590, 338) 1
(590, 393) 1
(591, 224) 1
(592, 227) 1
(592, 233) 1
(592, 251) 1
(592, 254) 1
(592, 277) 1
(592, 330) 1
(592, 338) 1
(592, 395) 1
(592, 396) 1
(592, 399) 1
(593, 251) 1
(593, 287) 1
(593, 289) 1
(593, 339) 1
(594, 201) 1
(594, 290) 1
(594, 300) 1
(595, 255) 2
(595, 257) 1
(595, 340) 2
(595, 397) 1
(596, 200) 1
(596, 256) 1
(596, 341) 1
(596, 397) 1
(596, 418) 1
(597, 224) 1
(597, 247) 1
(597, 256) 1
(597, 257) 1
(597, 341) 1
(597, 398) 3
(598, 251) 1
(598, 270) 1
(598, 399) 1
(598, 462) 1
(599, 195) 1
(599, 256) 1
(599, 257) 1
(599, 342) 1
(599, 343) 1
(600, 165) 1
(600, 255) 1
(600, 257) 1
(600, 343) 1
(600, 400) 1
(601, 287) 1
(601, 291) 1
(601, 304) 1
(601, 401) 1
(602, 159) 1
(602, 255) 1
(602, 299) 1
(602, 328) 1
(602, 344) 1
(602, 401) 1
(603, 258) 2
(603, 267) 1
(603, 345) 2
(603, 402) 2
(604, 168) 1
(604, 187) 1
(604, 259) 2
(604, 345) 3
(604, 368) 1
(604, 403) 2
(605, 239) 1
(605, 259) 1
(605, 268) 1
(605, 273) 1
(605, 445) 1
(606, 229) 1
(606, 260) 2
(606, 273) 1
(606, 316) 1
(606, 320) 1
(606, 346) 1
(606, 433) 1
(607, 244) 1
(607, 334) 1
(607, 347) 1
(608, 185) 1
(608, 229) 1
(608, 249) 1
(608, 261) 1
(608, 405) 1
(609, 237) 1
(609, 317) 1
(609, 348) 1
(609, 406) 1
(610, 221) 1
(610, 227) 1
(610, 242) 1
(610, 349) 1
(610, 366) 1
(610, 407) 1
(611, 191) 1
(611, 227) 1
(611, 262) 1
(611, 315) 1
(611, 349) 1
(611, 407) 1
(611, 523) 1
(612, 262) 1
(612, 265) 2
(612, 339) 1
(612, 350) 2
(612, 408) 1
(613, 225) 1
(613, 238) 1
(613, 263) 2
(613, 323) 1
(613, 351) 1
(613, 425) 1
(614, 184) 1
(614, 263) 1
(614, 409) 1
(615, 182) 1
(615, 209) 1
(615, 269) 1
(615, 312) 1
(615, 352) 1
(616, 175) 1
(616, 211) 1
(616, 239) 1
(616, 264) 2
(617, 176) 1
(617, 213) 1
(617, 265) 1
(617, 346) 1
(617, 471) 1
(618, 265) 1
(618, 299) 1
(618, 309) 1
(618, 352) 1
(618, 353) 1
(619, 265) 2
(619, 276) 1
(619, 354) 1
(619, 386) 1
(619, 413) 1
(620, 187) 1
(620, 310) 1
(620, 353) 1
(620, 366) 1
(620, 413) 1
(620, 417) 1
(621, 178) 1
(621, 203) 1
(621, 227) 1
(621, 266) 1
(621, 267) 1
(621, 355) 1
(621, 392) 1
(622, 355) 1
(622, 415) 1
(622, 443) 1
(623, 356) 2
(624, 196) 1
(624, 229) 2
(624, 267) 1
(624, 268) 1
(624, 302) 1
(624, 312) 2
(624, 322) 1
(624, 416) 1
(624, 417) 1
(624, 523) 1
(625, 273) 1
(625, 279) 1
(625, 297) 1
(625, 358) 1
(625, 384) 1
(625, 417) 1
(625, 426) 1
(626, 214) 1
(626, 268) 3
(626, 339) 1
(626, 358) 1
(627, 222) 1
(627, 269) 2
(627, 357) 1
(627, 358) 1
(627, 418) 1
(627, 462) 1
(628, 226) 2
(628, 255) 1
(628, 278) 1
(628, 359) 4
(628, 419) 2
(628, 484) 1
(629, 178) 1
(629, 188) 1
(629, 201) 1
(629, 298) 1
(629, 308) 1
(629, 419) 1
(629, 449) 1
(630, 270) 1
(630, 315) 1
(630, 360) 1
(630, 362) 1
(630, 363) 1
(630, 403) 1
(630, 405) 16
(630, 420) 1
(630, 450) 3
(631, 233) 1
(631, 255) 1
(631, 267) 1
(631, 271) 1
(631, 361) 1
(631, 373) 1
(631, 421) 1
(631, 479) 1
(632, 179) 1
(632, 241) 1
(632, 361) 1
(632, 412) 1
(632, 421) 1
(633, 174) 1
(633, 189) 1
(633, 271) 2
(633, 280) 1
(633, 332) 1
(633, 385) 1
(633, 407) 1
(633, 420) 1
(633, 422) 1
(634, 207) 1
(634, 266) 1
(634, 272) 1
(634, 303) 1
(634, 321) 1
(634, 362) 1
(634, 363) 1
(634, 422) 1
(634, 423) 1
(635, 363) 1
(635, 418) 1
(635, 423) 1
(635, 743) 1
(636, 273) 1
(636, 318) 1
(636, 329) 1
(636, 399) 1
(636, 418) 1
(636, 424) 2
(637, 273) 1
(637, 364) 1
(637, 369) 2
(637, 425) 1
(638, 228) 1
(638, 274) 1
(638, 292) 1
(638, 302) 1
(638, 319) 1
(638, 356) 1
(638, 425) 1
(638, 456) 1
(638, 460) 1
(638, 960) 1
(639, 191) 1
(639, 195) 1
(639, 235) 1
(639, 239) 1
(639, 243) 1
(639, 273) 1
(639, 274) 1
(639, 417) 1
(639, 426) 1
(640, 220) 1
(640, 224) 1
(640, 228) 1
(640, 230) 1
(640, 232) 1
(640, 240) 1
(640, 251) 2
(640, 259) 2
(640, 265) 1
(640, 268) 1
(640, 269) 1
(640, 275) 2
(640, 280) 1
(640, 282) 2
(640, 285) 1
(640, 288) 1
(640, 289) 2
(640, 291) 1
(640, 292) 1
(640, 293) 1
(640, 294) 1
(640, 296) 1
(640, 297) 1
(640, 300) 1
(640, 302) 1
(640, 303) 1
(640, 305) 1
(640, 307) 1
(640, 308) 1
(640, 309) 1
(640, 310) 2
(640, 311) 3
(640, 313) 1
(640, 315) 1
(640, 317) 1
(640, 318) 1
(640, 320) 1
(640, 323) 1
(640, 324) 2
(640, 327) 1
(640, 328) 1
(640, 332) 1
(640, 333) 1
(640, 337) 1
(640, 342) 1
(640, 343) 3
(640, 345) 1
(640, 348) 1
(640, 350) 1
(640, 358) 1
(640, 359) 1
(640, 360) 2
(640, 366) 1
(640, 368) 1
(640, 374) 1
(640, 379) 2
(640, 380) 1
(640, 386) 1
(640, 389) 1
(640, 395) 1
(640, 398) 1
(640, 399) 1
(640, 401) 1
(640, 403) 2
(640, 405) 1
(640, 425) 2
(640, 426) 1
(640, 443) 1
(640, 480) 2
(640, 582) 1
(640, 640) 1
(641, 226) 1
(641, 274) 1
(641, 275) 1
(641, 305) 1
(641, 367) 1
(641, 427) 1
(642, 141) 1
(642, 275) 1
(642, 303) 1
(642, 321) 2
(642, 367) 2
(642, 428) 1
(643, 228) 1
(643, 380) 1
(643, 428) 1
(643, 430) 1
(644, 176) 1
(644, 239) 1
(644, 246) 1
(644, 284) 1
(644, 368) 1
(645, 238) 1
(645, 363) 1
(645, 430) 2
(646, 277) 1
(646, 369) 1
(646, 402) 1
(647, 277) 2
(647, 370) 1
(647, 431) 1
(648, 246) 1
(648, 324) 2
(648, 346) 1
(648, 370) 2
(648, 432) 1
(648, 570) 1
(649, 255) 1
(649, 278) 2
(649, 307) 1
(649, 322) 1
(649, 325) 1
(649, 370) 1
(649, 371) 1
(649, 376) 1
(650, 249) 1
(650, 336) 1
(650, 371) 1
(650, 372) 1
(650, 391) 1
(651, 227) 1
(651, 257) 1
(651, 258) 1
(651, 372) 1
(651, 434) 1
(651, 502) 1
(652, 236) 1
(652, 245) 1
(652, 302) 1
(652, 373) 1
(652, 407) 1
(653, 218) 1
(653, 267) 1
(653, 280) 1
(653, 374) 1
(654, 191) 1
(654, 280) 2
(654, 357) 1
(654, 391) 1
(654, 435) 1
(654, 436) 1
(655, 183) 1
(655, 281) 2
(655, 400) 1
(655, 437) 1
(656, 334) 1
(656, 375) 1
(657, 222) 1
(657, 326) 1
(657, 375) 1
(657, 411) 1
(657, 438) 2
(657, 574) 1
(658, 376) 1
(659, 281) 1
(659, 282) 2
(659, 290) 1
(659, 302) 1
(659, 339) 1
(659, 361) 1
(659, 376) 1
(660, 283) 1
(660, 307) 1
(660, 330) 2
(660, 377) 1
(660, 440) 1
(661, 158) 1
(661, 249) 1
(661, 270) 1
(661, 283) 1
(661, 377) 1
(661, 378) 2
(661, 441) 1
(662, 197) 1
(662, 284) 1
(662, 335) 1
(662, 378) 1
(662, 387) 1
(662, 441) 1
(663, 284) 3
(663, 391) 1
(663, 405) 1
(663, 442) 1
(663, 460) 1
(663, 566) 1
(664, 285) 1
(664, 443) 1
(664, 444) 1
(665, 260) 1
(665, 333) 1
(665, 380) 2
(665, 399) 1
(665, 443) 2
(665, 496) 1
(665, 665) 1
(666, 247) 1
(666, 285) 1
(666, 286) 2
(666, 380) 1
(666, 381) 1
(666, 409) 1
(666, 423) 1
(666, 444) 1
(667, 241) 1
(667, 286) 1
(667, 291) 1
(667, 381) 2
(667, 385) 1
(668, 162) 1
(668, 270) 1
(668, 286) 1
(668, 335) 1
(668, 382) 2
(668, 399) 1
(668, 445) 1
(669, 254) 1
(669, 287) 1
(669, 314) 1
(669, 382) 1
(670, 182) 1
(670, 233) 1
(670, 236) 1
(670, 289) 1
(670, 317) 1
(670, 383) 2
(671, 269) 1
(671, 281) 1
(671, 287) 1
(671, 321) 1
(671, 382) 1
(671, 383) 2
(671, 384) 2
(671, 436) 1
(671, 447) 2
(671, 449) 1
(671, 494) 1
(671, 500) 1
(672, 299) 1
(672, 317) 1
(672, 336) 2
(672, 384) 1
(672, 448) 2
(672, 516) 1
(673, 292) 1
(673, 307) 1
(673, 376) 1
(673, 449) 2
(674, 199) 1
(674, 207) 1
(674, 234) 1
(674, 289) 1
(674, 337) 1
(674, 385) 3
(675, 252) 1
(675, 282) 1
(675, 381) 1
(675, 386) 2
(675, 450) 1
(675, 473) 1
(676, 373) 1
(676, 386) 1
(676, 451) 1
(676, 452) 1
(676, 509) 1
(677, 227) 1
(677, 247) 1
(677, 284) 1
(677, 387) 2
(677, 451) 1
(677, 464) 1
(678, 290) 2
(678, 291) 1
(678, 310) 1
(678, 355) 1
(678, 358) 1
(678, 372) 1
(678, 452) 1
(678, 492) 1
(679, 271) 1
(679, 328) 1
(679, 346) 1
(679, 388) 1
(679, 443) 2
(679, 459) 1
(680, 371) 1
(680, 388) 2
(680, 389) 1
(680, 422) 1
(680, 453) 1
(680, 477) 1
(680, 491) 1
(680, 500) 1
(681, 200) 1
(681, 215) 1
(681, 292) 2
(681, 386) 2
(681, 388) 1
(681, 389) 1
(681, 454) 1
(681, 616) 1
(682, 190) 1
(682, 291) 1
(682, 292) 1
(682, 293) 1
(682, 390) 1
(682, 391) 1
(682, 392) 1
(682, 455) 1
(683, 227) 1
(683, 293) 3
(683, 390) 2
(683, 455) 1
(683, 489) 1
(684, 238) 1
(684, 293) 1
(684, 342) 2
(684, 391) 1
(684, 399) 1
(684, 456) 1
(684, 489) 1
(684, 513) 1
(685, 264) 1
(685, 293) 1
(685, 294) 1
(685, 348) 1
(685, 392) 1
(686, 196) 1
(686, 241) 1
(686, 278) 1
(686, 294) 1
(686, 400) 1
(686, 458) 1
(686, 476) 1
(686, 479) 1
(687, 203) 1
(687, 212) 1
(687, 257) 1
(687, 294) 1
(687, 295) 2
(687, 326) 1
(687, 364) 1
(687, 392) 1
(687, 393) 1
(687, 459) 1
(687, 497) 1
(688, 262) 1
(688, 295) 2
(688, 393) 2
(688, 394) 1
(688, 498) 1
(688, 542) 1
(689, 219) 1
(689, 295) 2
(689, 313) 1
(689, 347) 1
(689, 478) 1
(689, 489) 1
(689, 497) 1
(689, 505) 1
(689, 526) 1
(690, 296) 2
(690, 301) 1
(690, 394) 2
(690, 468) 1
(690, 478) 1
(690, 498) 1
(691, 181) 1
(691, 282) 1
(691, 296) 2
(691, 349) 1
(691, 395) 2
(691, 398) 1
(691, 401) 1
(691, 429) 1
(691, 478) 1
(691, 485) 1
(691, 486) 1
(692, 395) 1
(692, 486) 1
(692, 492) 1
(692, 518) 1
(693, 181) 1
(693, 207) 1
(693, 250) 1
(693, 279) 1
(693, 297) 2
(693, 300) 1
(693, 390) 1
(693, 396) 1
(693, 494) 2
(693, 509) 1
(694, 297) 2
(694, 397) 1
(694, 402) 1
(694, 475) 1
(694, 480) 1
(694, 498) 1
(694, 506) 1
(695, 235) 1
(695, 397) 1
(695, 445) 1
(695, 463) 4
(695, 464) 1
(695, 490) 2
(695, 497) 1
(695, 501) 1
(695, 595) 1
(696, 179) 1
(696, 198) 1
(696, 225) 1
(696, 232) 1
(696, 253) 1
(696, 297) 1
(696, 348) 2
(696, 378) 1
(696, 398) 1
(696, 420) 1
(696, 450) 1
(696, 482) 1
(696, 497) 1
(697, 203) 1
(697, 277) 1
(697, 286) 1
(697, 320) 1
(697, 401) 1
(697, 465) 1
(697, 470) 1
(697, 471) 1
(697, 481) 1
(697, 489) 1
(697, 492) 1
(697, 500) 3
(697, 505) 1
(697, 511) 1
(697, 512) 1
(697, 541) 1
(698, 235) 1
(698, 349) 1
(698, 399) 4
(698, 414) 1
(698, 465) 2
(698, 468) 1
(698, 489) 1
(698, 490) 1
(698, 495) 1
(698, 499) 1
(698, 500) 7
(699, 206) 1
(699, 255) 1
(699, 300) 1
(699, 343) 1
(699, 359) 1
(699, 369) 1
(699, 372) 1
(699, 385) 1
(699, 390) 2
(699, 399) 4
(699, 400) 7
(699, 401) 3
(699, 450) 5
(699, 466) 2
(699, 488) 1
(699, 490) 1
(699, 496) 2
(699, 499) 3
(699, 500) 25
(699, 508) 1
(699, 513) 1
(700, 172) 1
(700, 203) 1
(700, 300) 2
(700, 350) 1
(700, 380) 1
(700, 386) 2
(700, 387) 1
(700, 388) 2
(700, 389) 1
(700, 390) 1
(700, 391) 2
(700, 392) 1
(700, 393) 2
(700, 394) 2
(700, 395) 1
(700, 396) 1
(700, 397) 3
(700, 398) 5
(700, 399) 6
(700, 400) 96
(700, 401) 12
(700, 402) 8
(700, 403) 3
(700, 404) 6
(700, 405) 6
(700, 407) 5
(700, 408) 4
(700, 409) 1
(700, 411) 1
(700, 413) 1
(700, 414) 1
(700, 420) 1
(700, 429) 1
(700, 430) 1
(700, 431) 1
(700, 434) 1
(700, 438) 1
(700, 450) 48
(700, 451) 1
(700, 470) 1
(700, 488) 1
(700, 490) 2
(700, 493) 1
(700, 499) 1
(700, 500) 667
(700, 501) 1
(700, 503) 1
(700, 529) 1
(700, 585) 1
(700, 608) 1
(700, 655) 1
(701, 288) 1
(701, 300) 1
(701, 301) 1
(701, 320) 1
(701, 375) 1
(701, 400) 9
(701, 404) 1
(701, 450) 6
(701, 467) 2
(701, 496) 1
(701, 498) 1
(701, 500) 16
(702, 242) 1
(702, 354) 1
(702, 401) 1
(702, 415) 1
(702, 450) 3
(702, 468) 1
(702, 500) 9
(703, 254) 1
(703, 348) 1
(703, 360) 1
(703, 402) 1
(703, 418) 1
(703, 450) 1
(703, 467) 1
(703, 469) 1
(703, 471) 1
(703, 473) 1
(703, 493) 1
(703, 497) 1
(703, 500) 2
(703, 517) 1
(703, 519) 1
(704, 196) 1
(704, 219) 1
(704, 220) 1
(704, 250) 1
(704, 257) 1
(704, 274) 1
(704, 286) 1
(704, 336) 1
(704, 400) 1
(704, 406) 1
(704, 489) 1
(704, 500) 2
(704, 504) 1
(704, 513) 1
(705, 202) 1
(705, 302) 2
(705, 403) 1
(705, 416) 1
(705, 425) 1
(705, 470) 1
(705, 497) 1
(705, 541) 1
(706, 403) 2
(706, 418) 1
(706, 436) 1
(706, 471) 1
(706, 487) 1
(707, 354) 2
(707, 471) 2
(707, 472) 2
(707, 493) 1
(707, 496) 1
(707, 500) 1
(707, 509) 1
(707, 512) 1
(708, 276) 1
(708, 303) 1
(708, 357) 1
(708, 405) 2
(708, 474) 1
(708, 517) 1
(709, 229) 1
(709, 283) 1
(709, 304) 1
(709, 332) 1
(709, 337) 1
(709, 341) 1
(709, 351) 1
(709, 405) 1
(709, 406) 2
(709, 425) 1
(709, 472) 1
(709, 473) 3
(709, 489) 1
(709, 506) 1
(709, 560) 1
(710, 190) 1
(710, 223) 1
(710, 304) 2
(710, 456) 1
(710, 473) 1
(710, 481) 1
(710, 482) 1
(710, 500) 1
(711, 260) 1
(711, 281) 1
(711, 305) 1
(711, 400) 1
(711, 407) 1
(711, 474) 5
(711, 508) 1
(711, 511) 1
(712, 591) 1
(713, 311) 1
(713, 323) 1
(713, 394) 1
(713, 407) 1
(713, 408) 1
(713, 499) 1
(714, 306) 1
(714, 346) 1
(714, 357) 1
(714, 408) 3
(715, 306) 1
(715, 326) 1
(715, 357) 1
(715, 396) 1
(715, 477) 1
(716, 242) 1
(716, 261) 1
(716, 303) 1
(716, 307) 1
(716, 308) 1
(716, 409) 1
(716, 477) 3
(716, 521) 1
(716, 565) 1
(717, 220) 1
(717, 233) 1
(717, 307) 1
(717, 348) 1
(717, 430) 1
(717, 449) 1
(717, 478) 3
(717, 479) 1
(717, 539) 1
(718, 201) 1
(718, 307) 1
(718, 359) 2
(718, 410) 1
(719, 256) 1
(719, 308) 1
(719, 410) 1
(719, 411) 2
(719, 502) 1
(720, 266) 1
(720, 307) 1
(720, 322) 1
(720, 400) 1
(720, 411) 3
(720, 479) 4
(720, 480) 2
(720, 528) 3
(720, 564) 1
(721, 181) 1
(721, 199) 1
(721, 275) 1
(721, 309) 1
(721, 374) 1
(721, 412) 1
(721, 438) 1
(721, 538) 1
(722, 309) 2
(722, 310) 1
(722, 407) 1
(722, 413) 1
(722, 430) 1
(723, 301) 1
(723, 309) 1
(723, 310) 1
(723, 433) 1
(723, 527) 1
(724, 285) 1
(724, 286) 1
(724, 310) 1
(724, 318) 1
(724, 414) 1
(724, 486) 1
(725, 211) 1
(725, 302) 1
(725, 311) 2
(725, 414) 1
(725, 483) 1
(725, 492) 1
(726, 322) 1
(726, 432) 1
(726, 580) 1
(727, 312) 2
(727, 415) 1
(727, 416) 1
(727, 430) 1
(727, 519) 1
(728, 251) 1
(728, 312) 1
(728, 449) 1
(728, 485) 3
(729, 197) 1
(729, 289) 1
(729, 312) 3
(729, 417) 1
(729, 555) 1
(730, 320) 1
(730, 325) 1
(730, 385) 1
(730, 487) 2
(730, 497) 1
(731, 313) 1
(731, 336) 1
(731, 418) 1
(731, 488) 1
(732, 314) 1
(732, 366) 2
(732, 418) 1
(733, 189) 1
(733, 267) 1
(734, 314) 1
(734, 315) 1
(734, 420) 1
(734, 421) 1
(734, 489) 1
(734, 551) 1
(735, 290) 1
(735, 309) 1
(735, 315) 1
(735, 331) 1
(735, 392) 1
(735, 395) 1
(735, 420) 2
(735, 441) 1
(735, 486) 1
(735, 490) 1
(736, 258) 1
(736, 299) 1
(736, 315) 1
(736, 343) 1
(736, 418) 1
(736, 421) 1
(736, 449) 1
(737, 193) 1
(737, 238) 1
(737, 240) 1
(737, 267) 1
(737, 316) 2
(737, 421) 1
(737, 491) 2
(738, 238) 1
(738, 298) 1
(738, 492) 1
(738, 498) 1
(739, 177) 1
(739, 239) 1
(739, 317) 1
(739, 422) 2
(739, 493) 1
(739, 527) 1
(740, 251) 1
(740, 275) 1
(740, 317) 1
(740, 330) 1
(740, 388) 1
(740, 416) 1
(740, 423) 1
(740, 493) 3
(740, 528) 1
(741, 271) 1
(741, 318) 1
(741, 367) 1
(741, 370) 1
(741, 375) 1
(741, 417) 1
(741, 428) 1
(741, 435) 1
(742, 253) 1
(742, 307) 1
(742, 317) 1
(742, 386) 1
(742, 424) 2
(742, 495) 1
(743, 220) 1
(743, 226) 1
(743, 237) 1
(743, 287) 1
(743, 292) 1
(743, 307) 1
(743, 319) 2
(743, 425) 1
(743, 461) 1
(744, 254) 1
(744, 372) 1
(744, 396) 1
(744, 457) 1
(744, 461) 1
(745, 211) 1
(745, 253) 1
(745, 319) 3
(745, 369) 1
(745, 426) 1
(745, 497) 2
(745, 628) 1
(746, 224) 1
(746, 373) 1
(746, 401) 1
(746, 426) 1
(746, 497) 3
(746, 498) 1
(746, 512) 1
(746, 541) 1
(747, 320) 1
(747, 327) 1
(747, 426) 1
(747, 487) 1
(747, 498) 1
(747, 534) 1
(748, 210) 1
(748, 253) 1
(748, 355) 1
(748, 385) 1
(748, 427) 1
(748, 499) 1
(748, 500) 1
(749, 286) 1
(749, 321) 2
(749, 361) 1
(749, 375) 1
(749, 428) 2
(749, 429) 1
(749, 499) 2
(749, 535) 1
(750, 276) 1
(750, 308) 1
(750, 311) 1
(750, 320) 1
(750, 338) 1
(750, 375) 1
(750, 393) 1
(750, 414) 1
(750, 421) 1
(750, 422) 1
(750, 428) 2
(750, 429) 1
(750, 450) 1
(750, 451) 1
(750, 478) 1
(750, 500) 1
(750, 504) 1
(750, 525) 2
(750, 811) 1
(751, 261) 1
(751, 269) 1
(751, 281) 1
(751, 322) 2
(751, 401) 1
(751, 429) 2
(751, 501) 1
(752, 277) 1
(752, 322) 1
(752, 385) 1
(752, 387) 1
(752, 430) 1
(752, 620) 1
(753, 319) 1
(753, 430) 1
(753, 431) 1
(753, 502) 1
(754, 249) 1
(754, 323) 1
(754, 431) 1
(754, 523) 1
(754, 542) 1
(754, 703) 1
(755, 324) 1
(755, 336) 1
(755, 425) 1
(755, 447) 1
(756, 167) 1
(756, 221) 1
(756, 234) 1
(756, 261) 1
(756, 283) 1
(756, 324) 1
(756, 378) 2
(756, 432) 1
(756, 477) 1
(756, 504) 2
(757, 269) 1
(757, 324) 1
(757, 337) 1
(757, 376) 1
(757, 432) 1
(757, 439) 1
(757, 505) 1
(758, 207) 1
(758, 284) 1
(758, 285) 1
(758, 286) 1
(758, 317) 1
(758, 325) 2
(758, 433) 1
(758, 439) 1
(758, 455) 1
(758, 505) 1
(759, 383) 1
(759, 434) 4
(759, 495) 1
(759, 506) 3
(760, 232) 1
(760, 326) 1
(760, 380) 1
(760, 507) 2
(760, 508) 1
(760, 627) 1
(761, 308) 1
(761, 435) 2
(761, 507) 1
(762, 314) 2
(762, 326) 2
(762, 327) 1
(762, 467) 1
(762, 508) 1
(763, 279) 1
(763, 299) 1
(763, 327) 1
(763, 349) 1
(763, 382) 1
(763, 435) 1
(763, 436) 2
(763, 457) 1
(763, 763) 1
(764, 285) 1
(764, 327) 1
(764, 434) 1
(764, 437) 1
(764, 509) 1
(765, 328) 3
(765, 348) 1
(765, 510) 2
(766, 208) 1
(766, 308) 1
(766, 328) 1
(766, 383) 1
(766, 410) 1
(766, 500) 1
(766, 511) 2
(767, 200) 1
(767, 264) 1
(767, 267) 1
(767, 438) 3
(767, 511) 1
(767, 534) 1
(767, 549) 1
(768, 150) 1
(768, 282) 1
(768, 354) 1
(768, 384) 3
(768, 439) 1
(768, 512) 3
(768, 1024) 2
(769, 219) 1
(769, 368) 1
(769, 439) 1
(769, 512) 1
(769, 513) 1
(770, 283) 1
(770, 313) 1
(770, 330) 2
(770, 440) 2
(770, 448) 1
(770, 449) 1
(770, 513) 1
(771, 343) 1
(771, 364) 1
(771, 365) 1
(771, 441) 1
(771, 442) 1
(771, 498) 1
(771, 514) 4
(771, 719) 1
(772, 321) 1
(772, 514) 2
(772, 515) 3
(772, 600) 1
(772, 601) 1
(772, 646) 1
(773, 217) 1
(773, 331) 1
(773, 416) 1
(773, 442) 1
(773, 515) 1
(774, 332) 1
(774, 370) 1
(774, 516) 2
(775, 270) 1
(775, 315) 1
(775, 371) 1
(775, 377) 1
(775, 430) 1
(775, 443) 1
(776, 201) 1
(776, 333) 2
(776, 334) 1
(776, 466) 1
(776, 499) 1
(776, 517) 1
(776, 519) 1
(777, 333) 1
(777, 437) 1
(777, 444) 1
(778, 250) 1
(778, 257) 1
(778, 291) 1
(778, 321) 1
(778, 333) 1
(778, 441) 1
(778, 445) 2
(778, 467) 1
(778, 518) 1
(779, 311) 1
(779, 334) 1
(779, 445) 1
(779, 501) 1
(779, 519) 1
(780, 163) 1
(780, 290) 1
(780, 302) 1
(780, 347) 1
(780, 390) 2
(780, 403) 1
(780, 520) 1
(780, 524) 1
(781, 335) 1
(781, 341) 1
(781, 351) 1
(781, 385) 1
(781, 446) 1
(781, 521) 1
(782, 335) 2
(782, 394) 1
(782, 526) 1
(783, 289) 1
(783, 308) 1
(783, 340) 1
(783, 492) 1
(783, 559) 1
(783, 606) 1
(784, 183) 1
(784, 314) 1
(784, 361) 1
(784, 367) 1
(784, 387) 1
(784, 448) 2
(784, 523) 4
(785, 283) 1
(785, 336) 1
(785, 422) 1
(785, 448) 1
(785, 449) 1
(785, 523) 4
(785, 530) 1
(786, 172) 1
(786, 193) 1
(786, 238) 1
(786, 337) 2
(786, 354) 1
(786, 414) 1
(786, 435) 1
(786, 448) 1
(786, 449) 2
(787, 139) 1
(787, 268) 1
(787, 336) 1
(787, 337) 1
(787, 345) 1
(787, 437) 1
(787, 562) 1
(787, 647) 1
(788, 133) 1
(788, 177) 1
(788, 450) 3
(788, 525) 4
(788, 610) 1
(789, 289) 1
(789, 301) 1
(789, 324) 1
(789, 338) 1
(789, 372) 1
(789, 426) 1
(789, 451) 2
(789, 485) 1
(789, 544) 1
(789, 576) 1
(790, 266) 1
(790, 287) 1
(790, 338) 2
(790, 451) 3
(790, 527) 1
(790, 545) 1
(791, 286) 1
(791, 339) 2
(791, 452) 1
(791, 454) 1
(791, 479) 1
(791, 498) 1
(791, 527) 1
(792, 340) 1
(792, 396) 2
(792, 399) 1
(792, 441) 1
(792, 448) 1
(792, 452) 1
(792, 453) 1
(792, 455) 1
(792, 481) 1
(792, 494) 1
(792, 528) 6
(792, 529) 3
(792, 558) 1
(793, 279) 1
(793, 327) 1
(793, 397) 1
(793, 529) 3
(794, 282) 1
(794, 286) 1
(794, 397) 1
(794, 400) 1
(794, 506) 1
(794, 529) 1
(795, 235) 1
(795, 236) 1
(795, 340) 1
(795, 475) 1
(795, 517) 1
(795, 595) 1
(796, 245) 1
(796, 273) 1
(796, 455) 1
(796, 538) 1
(797, 266) 1
(797, 288) 1
(797, 317) 1
(797, 328) 1
(797, 531) 1
(797, 589) 1
(798, 186) 1
(798, 206) 1
(798, 333) 1
(798, 399) 2
(798, 402) 1
(798, 456) 3
(798, 492) 1
(798, 532) 1
(798, 559) 1
(798, 573) 1
(798, 646) 1
(799, 321) 1
(799, 343) 1
(799, 388) 1
(799, 410) 1
(799, 427) 1
(799, 457) 2
(799, 533) 1
(800, 192) 1
(800, 242) 1
(800, 275) 1
(800, 299) 1
(800, 343) 1
(800, 400) 1
(800, 457) 1
(800, 514) 1
(800, 533) 3
(800, 571) 1
(801, 284) 1
(801, 343) 1
(801, 417) 1
(801, 458) 2
(801, 534) 4
(802, 344) 3
(802, 458) 2
(802, 509) 1
(802, 515) 1
(803, 344) 1
(803, 454) 1
(803, 459) 1
(803, 535) 1
(804, 216) 1
(804, 344) 1
(804, 345) 1
(804, 361) 1
(804, 524) 1
(804, 536) 1
(804, 628) 1
(805, 304) 1
(805, 345) 1
(805, 383) 1
(805, 412) 1
(805, 413) 1
(805, 460) 2
(805, 539) 1
(806, 345) 1
(806, 346) 1
(806, 460) 2
(807, 251) 1
(807, 346) 1
(807, 375) 1
(807, 461) 2
(807, 498) 1
(807, 549) 1
(807, 564) 1
(807, 591) 1
(808, 250) 1
(808, 327) 1
(808, 331) 1
(808, 363) 1
(808, 372) 1
(808, 376) 1
(808, 404) 2
(808, 462) 1
(808, 539) 1
(808, 546) 1
(809, 177) 1
(809, 193) 1
(809, 216) 1
(809, 248) 1
(809, 282) 1
(809, 297) 1
(809, 325) 1
(809, 347) 1
(809, 381) 1
(809, 462) 4
(809, 463) 1
(810, 293) 1
(810, 347) 2
(810, 355) 1
(810, 361) 1
(810, 463) 4
(810, 540) 2
(810, 682) 1
(811, 327) 1
(811, 363) 1
(811, 457) 1
(811, 463) 1
(811, 464) 1
(811, 523) 1
(811, 566) 1
(812, 271) 1
(812, 330) 1
(812, 348) 2
(812, 406) 3
(812, 409) 1
(812, 464) 1
(812, 466) 1
(812, 487) 1
(812, 541) 2
(813, 244) 1
(813, 349) 1
(813, 371) 1
(813, 426) 1
(813, 464) 1
(813, 465) 2
(813, 487) 1
(813, 488) 1
(813, 492) 1
(813, 542) 2
(813, 543) 1
(814, 278) 1
(814, 316) 1
(814, 348) 1
(814, 375) 1
(814, 465) 1
(814, 677) 1
(815, 349) 1
(815, 466) 1
(815, 543) 1
(816, 345) 1
(816, 349) 1
(816, 350) 1
(816, 408) 2
(816, 423) 1
(816, 425) 1
(816, 544) 3
(816, 557) 1
(817, 252) 1
(817, 350) 3
(817, 356) 1
(817, 393) 1
(817, 409) 1
(817, 418) 1
(817, 434) 1
(817, 467) 1
(817, 468) 1
(817, 545) 1
(817, 552) 1
(817, 578) 1
(817, 600) 1
(818, 219) 1
(818, 231) 1
(818, 350) 2
(818, 351) 1
(818, 467) 1
(818, 490) 1
(818, 544) 1
(819, 235) 1
(819, 292) 1
(819, 323) 1
(819, 334) 1
(819, 351) 1
(819, 468) 1
(819, 469) 1
(819, 470) 1
(819, 473) 1
(819, 534) 1
(820, 256) 1
(820, 334) 1
(820, 351) 1
(820, 352) 1
(820, 434) 1
(820, 468) 1
(820, 469) 1
(820, 520) 1
(820, 586) 1
(820, 672) 1
(821, 218) 1
(821, 469) 3
(821, 548) 1
(821, 560) 1
(821, 601) 1
(822, 252) 1
(822, 304) 1
(822, 330) 1
(822, 411) 1
(822, 442) 1
(822, 471) 2
(822, 548) 3
(822, 558) 1
(823, 353) 1
(823, 470) 1
(823, 500) 1
(824, 289) 1
(824, 353) 2
(824, 425) 1
(824, 471) 2
(824, 549) 2
(825, 305) 1
(825, 354) 1
(825, 392) 1
(825, 471) 2
(825, 472) 1
(825, 550) 2
(825, 571) 1
(826, 260) 1
(826, 262) 1
(826, 296) 1
(826, 304) 1
(826, 354) 3
(826, 356) 1
(826, 413) 1
(826, 472) 2
(826, 474) 1
(826, 550) 1
(826, 551) 3
(827, 341) 1
(827, 417) 1
(827, 474) 1
(827, 551) 3
(827, 555) 1
(827, 592) 1
(827, 632) 1
(828, 225) 1
(828, 244) 1
(828, 280) 1
(828, 292) 1
(828, 312) 1
(828, 355) 1
(828, 456) 1
(828, 463) 1
(828, 473) 3
(828, 476) 1
(828, 540) 1
(828, 552) 3
(829, 237) 1
(829, 348) 1
(829, 378) 1
(829, 474) 2
(829, 531) 1
(830, 317) 1
(830, 331) 1
(830, 355) 1
(830, 356) 7
(830, 412) 1
(830, 415) 1
(830, 418) 1
(830, 475) 1
(831, 168) 1
(831, 287) 1
(831, 475) 5
(831, 477) 1
(831, 590) 1
(831, 593) 1
(832, 197) 1
(832, 363) 1
(832, 446) 1
(832, 454) 1
(832, 475) 2
(832, 554) 1
(832, 555) 1
(833, 177) 1
(833, 461) 1
(833, 476) 2
(833, 555) 1
(834, 228) 1
(834, 233) 1
(834, 357) 1
(834, 358) 1
(834, 420) 1
(834, 476) 1
(834, 477) 2
(834, 481) 1
(834, 504) 1
(835, 197) 1
(835, 268) 1
(835, 338) 1
(835, 347) 1
(835, 348) 1
(835, 358) 6
(835, 477) 3
(835, 557) 2
(835, 580) 1
(836, 279) 1
(836, 357) 1
(836, 478) 1
(836, 557) 1
(836, 576) 1
(837, 359) 3
(837, 377) 1
(837, 558) 3
(837, 598) 1
(837, 855) 1
(838, 242) 1
(838, 298) 1
(838, 307) 1
(838, 343) 1
(838, 359) 2
(838, 461) 1
(838, 559) 2
(838, 581) 1
(839, 263) 1
(839, 479) 2
(840, 293) 1
(840, 339) 1
(840, 360) 1
(840, 412) 1
(840, 420) 2
(840, 421) 1
(840, 422) 1
(840, 437) 1
(840, 438) 1
(840, 440) 3
(840, 441) 1
(840, 444) 2
(840, 445) 1
(840, 448) 1
(840, 450) 3
(840, 454) 1
(840, 455) 4
(840, 456) 1
(840, 457) 2
(840, 458) 4
(840, 459) 1
(840, 460) 4
(840, 461) 2
(840, 463) 1
(840, 464) 2
(840, 466) 2
(840, 467) 8
(840, 469) 5
(840, 470) 3
(840, 471) 1
(840, 472) 2
(840, 474) 4
(840, 475) 2
(840, 476) 1
(840, 477) 4
(840, 479) 1
(840, 480) 8
(840, 481) 3
(840, 482) 1
(840, 484) 2
(840, 485) 2
(840, 487) 3
(840, 491) 2
(840, 492) 1
(840, 493) 1
(840, 494) 1
(840, 495) 1
(840, 497) 1
(840, 530) 1
(840, 546) 1
(840, 560) 9
(840, 600) 10
(841, 361) 1
(841, 387) 1
(841, 481) 2
(841, 535) 1
(841, 561) 1
(841, 589) 1
(841, 620) 1
(841, 660) 1
(842, 209) 1
(842, 298) 1
(842, 311) 1
(842, 339) 1
(842, 360) 1
(842, 361) 1
(842, 378) 1
(842, 421) 1
(842, 438) 1
(842, 561) 1
(843, 315) 1
(843, 361) 1
(843, 400) 1
(843, 482) 2
(843, 562) 1
(843, 563) 1
(843, 612) 1
(844, 347) 1
(844, 362) 1
(844, 373) 1
(844, 422) 1
(844, 482) 3
(844, 491) 1
(844, 514) 1
(844, 516) 1
(845, 245) 1
(845, 268) 1
(845, 332) 1
(845, 362) 1
(845, 461) 1
(845, 482) 1
(845, 483) 3
(846, 286) 1
(846, 313) 1
(846, 356) 1
(846, 423) 1
(846, 484) 1
(846, 564) 1
(847, 217) 1
(847, 363) 2
(847, 483) 1
(847, 484) 1
(847, 526) 1
(847, 565) 3
(848, 363) 1
(848, 372) 1
(848, 421) 1
(848, 485) 2
(848, 509) 1
(848, 522) 1
(848, 545) 1
(848, 670) 1
(849, 236) 1
(849, 281) 1
(849, 364) 3
(849, 485) 4
(849, 492) 2
(849, 546) 1
(849, 564) 1
(849, 566) 2
(849, 609) 1
(850, 197) 1
(850, 230) 1
(850, 255) 1
(850, 267) 1
(850, 269) 1
(850, 283) 1
(850, 310) 1
(850, 325) 1
(850, 364) 1
(850, 379) 1
(850, 395) 1
(850, 411) 1
(850, 456) 1
(850, 485) 1
(850, 488) 1
(850, 489) 1
(850, 501) 1
(850, 510) 1
(850, 530) 1
(850, 567) 2
(851, 240) 1
(851, 364) 1
(851, 392) 1
(851, 486) 4
(851, 488) 1
(851, 567) 3
(852, 232) 1
(852, 285) 1
(852, 340) 1
(852, 426) 4
(852, 486) 2
(852, 487) 4
(852, 555) 1
(852, 568) 3
(852, 594) 1
(853, 324) 1
(853, 328) 1
(853, 365) 1
(853, 366) 3
(853, 569) 1
(853, 608) 1
(854, 254) 1
(854, 259) 1
(854, 264) 1
(854, 306) 1
(854, 311) 1
(854, 319) 1
(854, 321) 1
(854, 437) 2
(854, 488) 4
(854, 569) 1
(854, 570) 1
(855, 203) 1
(855, 277) 1
(855, 300) 1
(855, 489) 2
(855, 494) 1
(855, 528) 1
(855, 570) 4
(855, 651) 1
(855, 670) 1
(856, 323) 1
(856, 428) 1
(856, 489) 1
(856, 543) 1
(856, 560) 1
(856, 716) 1
(857, 240) 1
(857, 276) 1
(857, 490) 3
(857, 492) 1
(857, 571) 1
(857, 605) 1
(858, 231) 1
(858, 243) 1
(858, 372) 1
(858, 400) 1
(858, 490) 4
(858, 572) 2
(858, 637) 1
(859, 368) 1
(859, 471) 1
(859, 491) 2
(859, 494) 1
(859, 573) 1
(860, 207) 1
(860, 350) 1
(860, 491) 1
(860, 516) 1
(860, 727) 1
(861, 345) 1
(861, 492) 3
(861, 574) 1
(862, 185) 1
(862, 275) 1
(862, 297) 1
(862, 314) 1
(862, 370) 2
(862, 434) 1
(862, 493) 1
(863, 340) 1
(863, 493) 2
(863, 508) 1
(863, 688) 1
(864, 193) 1
(864, 255) 1
(864, 271) 1
(864, 272) 1
(864, 358) 1
(864, 450) 1
(864, 458) 1
(864, 494) 4
(864, 497) 1
(864, 498) 1
(864, 576) 2
(865, 218) 1
(865, 278) 1
(865, 353) 1
(865, 494) 1
(865, 577) 1
(865, 604) 1
(866, 461) 1
(866, 495) 1
(866, 496) 1
(866, 704) 1
(866, 710) 1
(867, 224) 1
(867, 267) 1
(867, 358) 1
(867, 371) 2
(867, 372) 1
(867, 376) 1
(867, 430) 1
(867, 432) 1
(867, 487) 1
(867, 541) 1
(867, 578) 3
(867, 633) 1
(868, 229) 1
(868, 247) 1
(868, 304) 1
(868, 336) 1
(868, 352) 1
(868, 372) 1
(868, 496) 3
(868, 579) 1
(869, 199) 1
(869, 223) 1
(869, 341) 1
(869, 373) 1
(869, 497) 2
(869, 522) 1
(869, 557) 1
(869, 578) 1
(869, 579) 1
(869, 653) 1
(870, 219) 1
(870, 373) 3
(870, 497) 3
(870, 501) 1
(870, 567) 1
(870, 580) 1
(870, 634) 1
(871, 279) 1
(871, 338) 1
(871, 476) 1
(871, 498) 3
(871, 568) 1
(871, 581) 3
(871, 658) 1
(871, 699) 1
(872, 169) 1
(872, 209) 1
(872, 278) 1
(872, 340) 1
(872, 374) 2
(872, 472) 1
(872, 498) 1
(872, 500) 1
(872, 580) 1
(872, 738) 1
(872, 871) 1
(873, 173) 1
(873, 218) 1
(873, 251) 1
(873, 270) 1
(873, 276) 1
(873, 464) 1
(873, 473) 1
(873, 498) 1
(873, 499) 5
(873, 582) 1
(874, 374) 1
(874, 499) 2
(874, 500) 1
(875, 239) 1
(875, 289) 1
(875, 388) 1
(875, 413) 1
(875, 425) 1
(875, 438) 1
(875, 450) 2
(875, 463) 1
(875, 500) 19
(875, 513) 1
(875, 525) 1
(875, 531) 1
(875, 538) 1
(875, 562) 1
(875, 563) 28
(875, 583) 1
(875, 586) 1
(875, 625) 2
(875, 631) 1
(876, 258) 1
(876, 375) 2
(876, 377) 1
(876, 438) 4
(876, 500) 1
(876, 504) 1
(876, 584) 1
(877, 363) 1
(877, 376) 2
(877, 501) 3
(877, 578) 1
(877, 585) 2
(878, 266) 1
(878, 427) 1
(878, 442) 1
(878, 454) 1
(878, 501) 1
(878, 502) 3
(878, 878) 1
(879, 262) 1
(879, 445) 1
(879, 528) 1
(879, 584) 148
(879, 586) 2
(879, 723) 1
(880, 266) 1
(880, 363) 1
(880, 377) 2
(880, 381) 1
(880, 409) 1
(880, 502) 2
(880, 503) 2
(880, 508) 1
(880, 588) 1
(881, 181) 1
(881, 197) 1
(881, 237) 1
(881, 362) 1
(881, 378) 3
(881, 434) 1
(881, 503) 1
(881, 505) 1
(881, 529) 1
(881, 570) 1
(881, 584) 1
(881, 586) 2
(881, 588) 2
(881, 618) 1
(881, 676) 1
(882, 245) 1
(882, 362) 1
(882, 378) 1
(882, 382) 1
(882, 385) 1
(882, 504) 1
(882, 583) 1
(882, 588) 2
(883, 175) 1
(883, 364) 1
(883, 378) 1
(883, 379) 1
(883, 416) 1
(883, 474) 1
(883, 505) 1
(883, 529) 1
(883, 555) 1
(883, 582) 1
(883, 584) 1
(883, 585) 1
(883, 586) 1
(883, 587) 1
(883, 588) 4
(883, 590) 1
(883, 676) 1
(884, 184) 1
(884, 264) 1
(884, 313) 1
(884, 468) 1
(884, 507) 1
(884, 584) 1
(884, 585) 1
(884, 586) 1
(884, 587) 1
(884, 588) 7
(884, 589) 3
(884, 683) 1
(885, 215) 1
(885, 269) 1
(885, 360) 1
(885, 379) 2
(885, 404) 1
(885, 425) 1
(885, 431) 1
(885, 440) 1
(885, 506) 1
(885, 512) 1
(885, 518) 1
(885, 526) 1
(885, 573) 1
(885, 581) 1
(885, 585) 8
(885, 586) 2
(885, 587) 1
(885, 588) 8
(885, 589) 2
(885, 590) 8
(885, 591) 6
(885, 592) 2
(886, 283) 1
(886, 365) 1
(886, 380) 3
(886, 427) 1
(886, 455) 1
(886, 459) 1
(886, 506) 2
(886, 527) 1
(886, 540) 1
(886, 543) 1
(886, 572) 1
(886, 576) 1
(886, 586) 4
(886, 587) 6
(886, 588) 9
(886, 589) 5
(886, 590) 7
(886, 591) 16
(886, 592) 3
(886, 593) 1
(886, 595) 1
(886, 605) 1
(886, 623) 1
(887, 380) 1
(887, 501) 1
(887, 507) 1
(887, 584) 1
(887, 587) 1
(887, 588) 1
(887, 590) 1
(887, 591) 2
(888, 275) 1
(888, 380) 1
(888, 444) 2
(888, 507) 2
(888, 582) 1
(888, 592) 6
(888, 661) 1
(889, 363) 1
(889, 368) 1
(889, 381) 1
(889, 455) 1
(889, 508) 3
(889, 593) 2
(890, 381) 1
(890, 445) 1
(890, 497) 1
(890, 509) 2
(890, 534) 1
(890, 593) 2
(891, 321) 1
(891, 446) 1
(891, 509) 1
(891, 594) 5
(891, 659) 1
(892, 336) 1
(892, 510) 1
(892, 512) 1
(892, 634) 1
(893, 377) 1
(893, 495) 1
(893, 510) 2
(893, 511) 1
(894, 223) 1
(894, 333) 1
(894, 383) 1
(894, 410) 1
(894, 420) 1
(894, 447) 1
(894, 511) 1
(894, 512) 1
(894, 596) 1
(894, 639) 1
(894, 656) 1
(895, 274) 1
(895, 383) 1
(895, 511) 3
(895, 582) 1
(895, 596) 1
(895, 597) 1
(896, 287) 1
(896, 428) 1
(896, 506) 1
(896, 512) 2
(896, 597) 2
(896, 600) 1
(896, 688) 1
(896, 736) 1
(897, 310) 1
(897, 384) 1
(897, 475) 1
(897, 513) 1
(897, 598) 1
(898, 304) 1
(898, 384) 1
(898, 385) 1
(898, 514) 1
(898, 599) 1
(898, 688) 1
(899, 293) 1
(899, 385) 2
(899, 450) 1
(899, 514) 1
(899, 599) 4
(899, 600) 1
(900, 268) 1
(900, 348) 1
(900, 351) 1
(900, 398) 1
(900, 450) 96
(900, 513) 1
(900, 514) 2
(900, 516) 1
(900, 596) 1
(900, 599) 27
(900, 600) 95
(900, 630) 1
(900, 662) 1
(901, 286) 1
(901, 386) 1
(901, 497) 1
(901, 515) 3
(901, 565) 1
(901, 589) 1
(901, 601) 2
(901, 633) 1
(902, 305) 1
(902, 358) 1
(902, 386) 1
(902, 451) 1
(902, 515) 1
(902, 572) 1
(902, 590) 1
(902, 601) 1
(902, 653) 1
(903, 310) 1
(903, 387) 1
(903, 516) 1
(903, 549) 1
(903, 602) 1
(904, 196) 1
(904, 238) 1
(904, 389) 1
(904, 452) 1
(904, 517) 1
(904, 518) 1
(904, 551) 1
(905, 361) 1
(905, 388) 1
(905, 517) 3
(906, 309) 1
(906, 388) 2
(906, 453) 1
(906, 518) 1
(906, 604) 2
(907, 194) 1
(907, 382) 1
(907, 389) 1
(907, 404) 1
(907, 518) 4
(907, 688) 1
(908, 393) 1
(908, 518) 1
(908, 519) 1
(908, 545) 1
(908, 592) 1
(908, 605) 2
(908, 608) 1
(909, 389) 1
(909, 519) 2
(909, 606) 2
(910, 218) 1
(910, 257) 1
(910, 331) 1
(910, 520) 1
(910, 696) 1
(911, 391) 2
(911, 393) 1
(911, 408) 1
(911, 512) 1
(911, 520) 2
(911, 521) 1
(911, 580) 1
(911, 596) 1
(911, 607) 1
(911, 608) 1
(912, 371) 1
(912, 391) 2
(912, 413) 1
(912, 456) 2
(912, 462) 1
(912, 519) 1
(912, 521) 3
(912, 528) 1
(912, 529) 1
(912, 558) 1
(912, 608) 3
(912, 703) 1
(913, 291) 1
(913, 363) 1
(913, 391) 1
(913, 522) 1
(913, 609) 4
(914, 263) 1
(914, 277) 1
(914, 317) 1
(914, 457) 2
(914, 522) 4
(914, 609) 1
(915, 269) 1
(915, 344) 1
(915, 525) 1
(915, 549) 1
(915, 576) 1
(915, 610) 1
(916, 393) 1
(917, 269) 1
(917, 328) 1
(917, 393) 2
(917, 398) 1
(917, 523) 1
(917, 525) 1
(917, 611) 2
(918, 394) 1
(918, 519) 1
(918, 524) 1
(918, 525) 1
(918, 612) 1
(918, 614) 1
(918, 668) 1
(918, 723) 1
(918, 1024) 1
(919, 170) 1
(919, 394) 1
(919, 426) 1
(919, 457) 1
(919, 525) 4
(919, 526) 1
(919, 542) 1
(919, 568) 1
(920, 320) 1
(920, 365) 1
(920, 394) 1
(920, 395) 1
(920, 525) 1
(920, 526) 6
(920, 527) 1
(920, 600) 21
(920, 613) 2
(920, 614) 1
(920, 615) 1
(921, 255) 1
(921, 262) 1
(921, 395) 1
(921, 526) 2
(921, 549) 1
(921, 614) 2
(921, 658) 1
(922, 236) 1
(922, 280) 1
(922, 395) 1
(922, 518) 1
(922, 547) 1
(922, 615) 2
(923, 238) 1
(923, 396) 1
(923, 492) 1
(923, 527) 1
(923, 599) 1
(923, 615) 1
(923, 616) 1
(923, 699) 1
(923, 718) 1
(924, 286) 1
(924, 396) 1
(924, 411) 1
(924, 429) 1
(924, 446) 1
(924, 462) 2
(924, 528) 1
(924, 600) 1
(924, 616) 2
(925, 318) 1
(925, 396) 1
(925, 397) 1
(925, 441) 1
(925, 463) 1
(925, 660) 1
(926, 302) 1
(926, 352) 1
(926, 502) 1
(926, 529) 1
(926, 532) 1
(926, 617) 1
(926, 676) 1
(927, 397) 2
(927, 452) 1
(927, 486) 1
(927, 530) 3
(927, 607) 1
(927, 618) 4
(927, 645) 1
(927, 648) 1
(927, 664) 1
(928, 376) 1
(928, 398) 3
(928, 443) 1
(928, 464) 1
(928, 557) 1
(928, 619) 1
(929, 234) 1
(929, 355) 1
(929, 531) 1
(929, 578) 1
(929, 600) 1
(929, 619) 1
(930, 398) 1
(930, 399) 1
(930, 558) 1
(930, 600) 4
(930, 620) 3
(930, 664) 1
(931, 325) 1
(931, 338) 1
(931, 351) 1
(931, 368) 1
(931, 399) 1
(931, 400) 1
(931, 428) 1
(931, 532) 1
(931, 615) 1
(931, 653) 1
(932, 258) 1
(932, 268) 1
(932, 325) 1
(932, 532) 1
(932, 533) 3
(932, 621) 1
(933, 301) 1
(933, 400) 2
(933, 457) 1
(933, 533) 4
(933, 537) 1
(933, 549) 2
(933, 622) 3
(933, 624) 1
(933, 638) 1
(934, 309) 1
(934, 323) 1
(934, 336) 1
(934, 353) 1
(934, 400) 1
(934, 401) 1
(934, 534) 1
(934, 725) 1
(935, 265) 1
(935, 323) 1
(935, 375) 1
(935, 401) 2
(935, 534) 2
(935, 623) 1
(935, 697) 1
(936, 202) 1
(936, 401) 1
(936, 468) 3
(936, 481) 1
(936, 535) 1
(936, 624) 2
(937, 324) 1
(937, 325) 1
(937, 352) 1
(937, 357) 1
(937, 493) 1
(937, 536) 1
(937, 625) 1
(938, 469) 1
(938, 536) 3
(938, 625) 2
(939, 304) 1
(939, 311) 1
(939, 402) 1
(939, 403) 1
(939, 406) 1
(939, 459) 1
(939, 537) 1
(939, 612) 1
(939, 616) 1
(940, 188) 1
(940, 392) 1
(940, 403) 1
(940, 466) 1
(940, 495) 1
(940, 537) 1
(940, 538) 1
(940, 627) 4
(940, 633) 1
(941, 403) 2
(941, 432) 1
(941, 627) 2
(942, 170) 1
(942, 278) 1
(942, 284) 1
(942, 305) 1
(942, 417) 1
(942, 437) 1
(942, 471) 1
(942, 538) 3
(942, 560) 1
(942, 578) 1
(943, 299) 1
(943, 310) 1
(943, 331) 1
(943, 345) 1
(943, 404) 1
(943, 405) 1
(943, 538) 1
(943, 539) 1
(943, 629) 2
(944, 454) 1
(944, 472) 2
(944, 482) 1
(944, 488) 1
(944, 539) 1
(944, 607) 1
(944, 626) 1
(944, 629) 2
(944, 812) 1
(945, 312) 1
(945, 363) 1
(945, 540) 4
(945, 567) 1
(945, 651) 1
(946, 333) 1
(946, 355) 1
(946, 405) 1
(946, 512) 1
(946, 624) 1
(946, 631) 1
(947, 188) 1
(947, 341) 1
(947, 371) 1
(947, 406) 1
(947, 465) 1
(947, 505) 1
(947, 540) 1
(947, 541) 4
(947, 631) 2
(948, 291) 1
(948, 361) 1
(948, 406) 2
(948, 474) 3
(948, 542) 1
(948, 550) 1
(948, 632) 1
(948, 643) 1
(949, 356) 1
(949, 407) 1
(949, 542) 1
(949, 570) 1
(949, 633) 2
(950, 252) 1
(950, 345) 1
(950, 380) 1
(950, 475) 1
(950, 492) 1
(950, 543) 1
(950, 633) 3
(951, 382) 1
(951, 408) 2
(951, 476) 1
(951, 483) 1
(951, 597) 1
(951, 668) 1
(952, 275) 1
(952, 316) 1
(952, 324) 1
(952, 340) 1
(952, 364) 1
(952, 396) 1
(952, 408) 1
(952, 476) 1
(952, 484) 1
(952, 542) 1
(952, 635) 2
(953, 178) 1
(953, 348) 1
(953, 362) 1
(953, 408) 1
(953, 544) 1
(953, 545) 1
(953, 571) 1
(953, 636) 1
(954, 158) 1
(954, 296) 1
(954, 308) 1
(954, 344) 1
(954, 409) 2
(954, 411) 1
(954, 477) 3
(954, 544) 1
(954, 545) 2
(954, 546) 1
(954, 636) 1
(955, 359) 1
(955, 409) 2
(955, 478) 1
(955, 497) 1
(955, 502) 1
(955, 546) 6
(955, 637) 1
(955, 720) 1
(956, 265) 1
(956, 340) 1
(956, 478) 1
(956, 654) 1
(957, 400) 1
(957, 410) 1
(957, 432) 1
(957, 479) 1
(957, 500) 1
(957, 547) 1
(957, 555) 1
(957, 624) 1
(957, 638) 2
(957, 646) 1
(957, 674) 1
(957, 719) 1
(958, 345) 1
(958, 346) 1
(958, 347) 1
(958, 547) 1
(958, 600) 1
(958, 638) 1
(958, 639) 2
(959, 237) 1
(959, 271) 1
(959, 301) 1
(959, 547) 1
(959, 548) 2
(959, 639) 3
(959, 640) 1
(960, 412) 1
(960, 480) 5
(960, 549) 1
(960, 592) 1
(960, 599) 1
(960, 606) 1
(960, 613) 1
(960, 624) 1
(960, 626) 1
(960, 634) 1
(960, 638) 2
(960, 639) 2
(960, 640) 4
(960, 656) 1
(960, 705) 1
(961, 257) 1
(961, 262) 1
(961, 430) 1
(961, 641) 1
(961, 657) 1
(962, 322) 1
(962, 331) 1
(962, 339) 1
(962, 481) 1
(962, 546) 1
(962, 550) 1
(962, 628) 1
(962, 641) 1
(963, 214) 1
(963, 273) 1
(963, 413) 1
(963, 507) 1
(963, 550) 1
(963, 642) 6
(964, 272) 1
(964, 435) 1
(964, 551) 1
(964, 645) 1
(965, 223) 1
(965, 349) 1
(965, 436) 1
(965, 486) 1
(965, 643) 3
(966, 290) 1
(966, 303) 1
(966, 378) 1
(966, 414) 1
(966, 483) 1
(966, 642) 1
(966, 644) 1
(967, 208) 1
(967, 263) 1
(967, 317) 1
(967, 342) 1
(967, 398) 1
(967, 415) 1
(967, 501) 1
(967, 553) 1
(967, 590) 1
(967, 645) 2
(968, 276) 1
(968, 327) 1
(968, 330) 1
(968, 372) 1
(968, 405) 1
(968, 415) 1
(968, 416) 1
(968, 461) 1
(968, 484) 1
(968, 495) 1
(968, 553) 1
(968, 633) 1
(968, 634) 1
(968, 645) 1
(968, 656) 1
(968, 714) 1
(968, 782) 1
(969, 254) 1
(969, 384) 1
(969, 385) 1
(969, 388) 1
(969, 557) 1
(970, 260) 1
(970, 303) 1
(970, 316) 1
(970, 461) 1
(970, 526) 1
(970, 554) 1
(970, 647) 2
(970, 705) 1
(971, 432) 1
(971, 531) 1
(971, 580) 1
(972, 370) 1
(972, 404) 1
(972, 416) 1
(972, 417) 2
(972, 536) 1
(972, 555) 3
(972, 648) 4
(972, 717) 1
(973, 250) 1
(973, 288) 1
(973, 295) 1
(973, 458) 1
(973, 556) 2
(973, 696) 1
(974, 345) 1
(974, 348) 1
(974, 403) 1
(974, 417) 2
(974, 418) 1
(974, 537) 1
(974, 556) 1
(974, 649) 2
(974, 974) 1
(975, 350) 1
(975, 367) 1
(975, 418) 2
(975, 444) 1
(975, 453) 1
(975, 454) 1
(975, 465) 1
(975, 494) 1
(975, 502) 1
(975, 557) 2
(976, 283) 1
(976, 319) 1
(976, 345) 1
(976, 355) 2
(976, 418) 2
(976, 627) 1
(976, 651) 2
(976, 734) 1
(977, 300) 1
(977, 419) 1
(977, 487) 1
(977, 571) 1
(977, 620) 1
(978, 349) 1
(978, 391) 1
(978, 419) 2
(978, 426) 1
(978, 462) 1
(978, 489) 1
(978, 534) 1
(978, 549) 1
(978, 558) 1
(978, 559) 2
(978, 560) 1
(978, 652) 1
(979, 297) 1
(979, 380) 1
(979, 420) 2
(979, 559) 2
(979, 569) 1
(979, 608) 1
(979, 653) 2
(980, 276) 1
(980, 346) 1
(980, 510) 1
(980, 559) 1
(980, 560) 2
(980, 653) 4
(981, 259) 1
(981, 404) 1
(981, 420) 1
(981, 485) 1
(981, 560) 1
(981, 640) 1
(981, 654) 2
(982, 298) 1
(982, 421) 1
(982, 437) 1
(982, 440) 1
(982, 487) 2
(982, 561) 1
(982, 655) 2
(982, 699) 1
(983, 220) 1
(983, 303) 1
(983, 330) 1
(983, 379) 1
(983, 457) 1
(983, 517) 1
(983, 562) 1
(983, 564) 1
(983, 641) 1
(983, 657) 1
(984, 304) 1
(984, 421) 1
(984, 422) 2
(984, 448) 1
(984, 452) 1
(984, 492) 4
(984, 498) 1
(984, 500) 1
(984, 555) 1
(984, 562) 2
(984, 566) 2
(984, 641) 1
(984, 656) 2
(984, 703) 1
(984, 717) 1
(985, 356) 1
(985, 368) 1
(985, 371) 1
(985, 422) 2
(985, 429) 1
(985, 492) 1
(985, 562) 1
(985, 563) 3
(985, 657) 1
(985, 659) 1
(985, 897) 1
(986, 340) 1
(986, 380) 1
(986, 423) 1
(986, 493) 1
(986, 513) 1
(986, 518) 1
(986, 550) 1
(986, 563) 4
(986, 586) 1
(986, 657) 2
(987, 198) 1
(987, 379) 1
(987, 391) 1
(987, 564) 1
(988, 353) 1
(988, 479) 1
(988, 539) 1
(988, 564) 2
(988, 565) 2
(988, 636) 1
(988, 657) 1
(989, 308) 1
(989, 318) 1
(989, 424) 1
(989, 441) 1
(989, 451) 1
(989, 509) 1
(989, 540) 2
(989, 541) 1
(989, 565) 2
(989, 701) 1
(990, 294) 1
(990, 314) 1
(990, 424) 1
(990, 495) 1
(990, 498) 1
(990, 510) 1
(990, 540) 1
(990, 565) 1
(990, 566) 2
(990, 570) 1
(990, 586) 1
(990, 643) 1
(990, 660) 3
(991, 271) 1
(991, 348) 1
(991, 566) 2
(991, 581) 1
(991, 595) 1
(991, 616) 1
(991, 661) 1
(992, 319) 1
(992, 425) 1
(992, 452) 1
(992, 464) 1
(992, 500) 1
(992, 661) 1
(992, 662) 1
(992, 752) 1
(992, 766) 1
(993, 221) 1
(993, 274) 1
(993, 521) 1
(993, 638) 1
(993, 662) 1
(994, 150) 1
(994, 295) 1
(994, 426) 3
(994, 497) 1
(994, 548) 1
(994, 559) 1
(994, 568) 1
(994, 618) 1
(994, 630) 1
(995, 290) 1
(995, 346) 1
(995, 426) 2
(995, 439) 1
(995, 440) 1
(995, 492) 1
(995, 493) 1
(995, 509) 1
(995, 527) 1
(995, 568) 1
(995, 569) 2
(995, 640) 1
(995, 663) 1
(996, 312) 1
(996, 407) 1
(996, 470) 1
(996, 498) 1
(996, 509) 1
(996, 549) 1
(996, 569) 1
(996, 664) 4
(996, 824) 1
(996, 840) 1
(997, 226) 1
(997, 362) 1
(997, 427) 1
(997, 489) 1
(997, 495) 1
(997, 504) 1
(997, 507) 1
(997, 509) 1
(997, 598) 1
(997, 662) 1
(997, 664) 1
(998, 427) 1
(998, 570) 2
(998, 582) 1
(998, 632) 1
(998, 665) 3
(998, 727) 1
(999, 363) 1
(999, 369) 1
(999, 428) 1
(999, 488) 1
(999, 534) 1
(999, 555) 1
(999, 571) 2
(999, 573) 1
(999, 666) 4
(999, 714) 1
(1000, 296) 1
(1000, 337) 1
(1000, 353) 1
(1000, 363) 1
(1000, 365) 1
(1000, 376) 1
(1000, 398) 1
(1000, 407) 1
(1000, 412) 1
(1000, 421) 1
(1000, 427) 1
(1000, 441) 1
(1000, 455) 1
(1000, 466) 1
(1000, 497) 1
(1000, 505) 1
(1000, 517) 1
(1000, 532) 1
(1000, 533) 2
(1000, 549) 1
(1000, 555) 1
(1000, 559) 1
(1000, 562) 1
(1000, 571) 5
(1000, 580) 1
(1000, 589) 1
(1000, 600) 2
(1000, 621) 1
(1000, 638) 1
(1000, 650) 1
(1000, 652) 112
(1000, 663) 1
(1000, 666) 24
(1000, 667) 177
(1000, 682) 2
(1000, 688) 1
(1000, 690) 1
(1000, 700) 14
(1000, 713) 1
(1000, 714) 6
(1000, 760) 1
(1000, 1500) 1
(1001, 404) 1
(1001, 429) 1
(1001, 433) 1
(1001, 476) 1
(1001, 501) 1
(1001, 510) 1
(1001, 542) 1
(1001, 545) 1
(1001, 572) 2
(1001, 591) 1
(1001, 667) 3
(1001, 668) 1
(1002, 430) 1
(1002, 501) 2
(1002, 555) 1
(1002, 556) 2
(1002, 602) 1
(1002, 668) 2
(1002, 726) 1
(1002, 737) 1
(1003, 380) 1
(1003, 429) 1
(1003, 430) 1
(1003, 437) 1
(1003, 502) 1
(1003, 505) 1
(1003, 516) 1
(1003, 517) 1
(1003, 527) 1
(1003, 564) 1
(1003, 573) 1
(1003, 578) 2
(1003, 599) 1
(1003, 669) 2
(1003, 687) 1
(1004, 281) 1
(1004, 305) 1
(1004, 414) 1
(1004, 430) 2
(1004, 463) 1
(1004, 508) 1
(1004, 510) 1
(1004, 519) 1
(1004, 554) 1
(1004, 573) 1
(1004, 574) 1
(1004, 602) 1
(1004, 655) 1
(1004, 669) 1
(1004, 884) 1
(1005, 330) 1
(1005, 416) 1
(1005, 431) 1
(1005, 465) 1
(1005, 498) 1
(1005, 506) 1
(1005, 528) 1
(1005, 540) 1
(1005, 546) 1
(1005, 549) 1
(1005, 573) 1
(1005, 574) 1
(1005, 586) 1
(1005, 588) 1
(1005, 589) 1
(1005, 599) 1
(1005, 718) 1
(1006, 289) 1
(1006, 489) 1
(1006, 511) 1
(1006, 535) 1
(1006, 538) 1
(1006, 561) 2
(1006, 563) 1
(1006, 575) 2
(1006, 600) 1
(1006, 612) 1
(1006, 671) 3
(1006, 675) 1
(1007, 432) 1
(1007, 454) 1
(1007, 458) 1
(1007, 479) 1
(1007, 480) 1
(1007, 535) 1
(1007, 543) 1
(1007, 575) 1
(1007, 576) 1
(1007, 582) 1
(1007, 671) 3
(1008, 331) 1
(1008, 437) 1
(1008, 493) 1
(1008, 504) 1
(1008, 541) 1
(1008, 576) 1
(1008, 595) 1
(1008, 670) 1
(1008, 672) 2
(1008, 748) 1
(1009, 372) 1
(1009, 432) 1
(1009, 479) 1
(1009, 513) 1
(1009, 519) 1
(1009, 547) 1
(1009, 555) 1
(1009, 588) 1
(1009, 672) 1
(1009, 673) 1
(1009, 721) 1
(1009, 737) 1
(1010, 183) 1
(1010, 326) 1
(1010, 368) 1
(1010, 433) 1
(1010, 502) 2
(1010, 523) 1
(1010, 564) 1
(1010, 570) 1
(1010, 575) 1
(1010, 577) 6
(1010, 611) 1
(1010, 673) 3
(1010, 701) 1
(1010, 790) 1
(1010, 987) 1
(1011, 246) 1
(1011, 433) 1
(1011, 470) 1
(1011, 570) 1
(1011, 578) 3
(1011, 591) 1
(1011, 674) 3
(1011, 715) 1
(1011, 737) 1
(1012, 258) 1
(1012, 301) 1
(1012, 409) 1
(1012, 434) 2
(1012, 491) 1
(1012, 511) 1
(1012, 530) 1
(1012, 537) 1
(1012, 545) 1
(1012, 573) 1
(1012, 578) 1
(1012, 579) 1
(1012, 641) 1
(1012, 675) 3
(1013, 356) 1
(1013, 436) 1
(1013, 559) 1
(1013, 579) 2
(1013, 590) 1
(1013, 675) 3
(1013, 717) 1
(1014, 419) 1
(1014, 487) 1
(1014, 502) 1
(1014, 538) 1
(1014, 555) 1
(1014, 573) 1
(1014, 577) 1
(1014, 579) 4
(1014, 587) 1
(1014, 618) 1
(1014, 665) 1
(1014, 1013) 1
(1015, 314) 1
(1015, 423) 1
(1015, 435) 2
(1015, 494) 1
(1015, 519) 1
(1015, 579) 1
(1015, 580) 1
(1015, 677) 3
(1015, 734) 1
(1015, 741) 1
(1016, 497) 1
(1016, 499) 1
(1016, 508) 2
(1016, 520) 1
(1016, 531) 1
(1016, 574) 1
(1016, 580) 1
(1016, 581) 3
(1016, 605) 1
(1016, 646) 1
(1016, 677) 2
(1016, 710) 1
(1016, 725) 1
(1016, 750) 1
(1017, 436) 3
(1017, 473) 1
(1017, 509) 1
(1017, 581) 4
(1017, 603) 1
(1017, 639) 1
(1017, 654) 1
(1017, 678) 2
(1017, 898) 1
(1018, 393) 1
(1018, 436) 4
(1018, 462) 1
(1018, 469) 1
(1018, 523) 1
(1018, 529) 1
(1018, 581) 1
(1018, 582) 1
(1018, 679) 2
(1018, 817) 1
(1019, 349) 1
(1019, 393) 1
(1019, 437) 1
(1019, 453) 1
(1019, 497) 1
(1019, 503) 1
(1019, 516) 1
(1019, 520) 1
(1019, 538) 1
(1019, 547) 1
(1019, 582) 1
(1019, 585) 1
(1019, 587) 1
(1019, 598) 1
(1019, 679) 2
(1019, 736) 1
(1019, 896) 1
(1020, 458) 1
(1020, 469) 1
(1020, 510) 2
(1020, 540) 1
(1020, 542) 1
(1020, 543) 1
(1020, 560) 1
(1020, 570) 1
(1020, 581) 1
(1020, 582) 1
(1020, 583) 1
(1020, 600) 1
(1020, 644) 1
(1020, 665) 1
(1020, 680) 3
(1021, 290) 1
(1021, 341) 1
(1021, 416) 1
(1021, 437) 1
(1021, 583) 3
(1021, 642) 1
(1021, 681) 3
(1022, 438) 1
(1022, 480) 1
(1022, 524) 1
(1022, 540) 1
(1022, 565) 1
(1022, 578) 1
(1022, 583) 1
(1022, 584) 2
(1022, 681) 2
(1023, 394) 1
(1023, 438) 2
(1023, 461) 1
(1023, 478) 1
(1023, 512) 1
(1023, 555) 1
(1023, 571) 1
(1023, 584) 1
(1023, 585) 1
(1023, 587) 1
(1023, 682) 2
(1024, 205) 1
(1024, 341) 1
(1024, 368) 1
(1024, 433) 1
(1024, 439) 1
(1024, 492) 1
(1024, 498) 1
(1024, 503) 1
(1024, 512) 1
(1024, 552) 1
(1024, 577) 1
(1024, 585) 3
(1024, 586) 1
(1024, 588) 1
(1024, 668) 1
(1024, 683) 1
(1024, 698) 1
(1024, 701) 1
(1024, 729) 1
(1024, 732) 1
(1024, 757) 1
(1024, 768) 1
(1025, 244) 1
(1025, 253) 1
(1025, 312) 1
(1025, 389) 1
(1025, 417) 1
(1025, 439) 1
(1025, 447) 1
(1025, 470) 1
(1025, 471) 1
(1025, 586) 4
(1025, 588) 1
(1025, 594) 1
(1025, 601) 1
(1025, 615) 1
(1025, 661) 1
(1025, 684) 1
(1026, 259) 1
(1026, 299) 1
(1026, 333) 1
(1026, 341) 1
(1026, 421) 1
(1026, 492) 1
(1026, 513) 1
(1026, 586) 1
(1026, 684) 3
(1026, 785) 1
(1027, 292) 1
(1027, 296) 1
(1027, 338) 1
(1027, 351) 1
(1027, 383) 1
(1027, 427) 1
(1027, 431) 1
(1027, 440) 1
(1027, 456) 1
(1027, 581) 1
(1027, 587) 1
(1027, 685) 6
(1027, 686) 1
(1027, 711) 1
(1027, 1094) 1
(1028, 413) 1
(1028, 441) 1
(1028, 499) 1
(1028, 564) 1
(1028, 570) 1
(1028, 587) 3
(1028, 588) 1
(1028, 685) 1
(1029, 218) 1
(1029, 385) 1
(1029, 420) 1
(1029, 464) 1
(1029, 552) 1
(1029, 588) 5
(1029, 617) 1
(1029, 735) 1
(1029, 771) 1
(1029, 772) 1
(1029, 1029) 1
(1030, 376) 1
(1030, 442) 1
(1030, 488) 1
(1030, 515) 1
(1030, 552) 1
(1030, 588) 1
(1030, 589) 1
(1031, 348) 1
(1031, 442) 1
(1031, 516) 1
(1031, 588) 1
(1031, 589) 1
(1031, 662) 1
(1031, 687) 1
(1031, 688) 1
(1031, 800) 1
(1032, 143) 1
(1032, 300) 1
(1032, 310) 1
(1032, 489) 1
(1032, 511) 1
(1032, 515) 1
(1032, 516) 1
(1032, 562) 1
(1032, 620) 1
(1032, 688) 4
(1032, 722) 1
(1033, 398) 1
(1033, 422) 1
(1033, 483) 1
(1033, 505) 1
(1033, 577) 1
(1033, 590) 1
(1033, 670) 1
(1034, 255) 1
(1034, 317) 1
(1034, 367) 1
(1034, 443) 1
(1034, 527) 1
(1034, 579) 1
(1034, 689) 2
(1035, 242) 1
(1035, 318) 1
(1035, 342) 1
(1035, 399) 1
(1035, 444) 1
(1035, 482) 1
(1035, 561) 1
(1035, 570) 2
(1035, 572) 1
(1035, 580) 1
(1035, 585) 2
(1035, 592) 1
(1035, 600) 2
(1035, 690) 2
(1035, 739) 2
(1036, 316) 1
(1036, 444) 2
(1036, 448) 1
(1036, 506) 1
(1036, 518) 1
(1036, 560) 1
(1036, 564) 1
(1036, 570) 1
(1036, 592) 1
(1036, 598) 1
(1036, 602) 1
(1036, 692) 1
(1036, 888) 1
(1037, 265) 1
(1037, 428) 1
(1037, 444) 1
(1037, 445) 1
(1037, 489) 1
(1037, 519) 1
(1037, 545) 1
(1037, 552) 1
(1037, 572) 1
(1037, 592) 1
(1037, 678) 1
(1037, 691) 1
(1037, 696) 1
(1038, 470) 1
(1038, 491) 1
(1038, 493) 1
(1038, 519) 1
(1038, 568) 1
(1038, 584) 1
(1038, 658) 1
(1038, 682) 1
(1038, 692) 4
(1038, 738) 1
(1039, 497) 1
(1039, 594) 3
(1039, 693) 1
(1040, 177) 1
(1040, 352) 1
(1040, 445) 1
(1040, 446) 2
(1040, 520) 1
(1040, 558) 1
(1040, 572) 1
(1040, 594) 1
(1041, 307) 1
(1041, 446) 1
(1041, 543) 1
(1041, 554) 1
(1041, 595) 3
(1041, 603) 1
(1041, 612) 1
(1041, 624) 1
(1041, 748) 1
(1042, 218) 1
(1042, 275) 1
(1042, 321) 1
(1042, 332) 1
(1042, 384) 1
(1042, 413) 1
(1042, 446) 1
(1042, 521) 1
(1042, 595) 2
(1042, 596) 1
(1042, 628) 1
(1042, 684) 1
(1042, 714) 1
(1043, 231) 1
(1043, 568) 1
(1043, 663) 1
(1043, 695) 1
(1044, 282) 1
(1044, 380) 1
(1044, 440) 1
(1044, 443) 1
(1044, 447) 2
(1044, 482) 1
(1044, 521) 1
(1044, 522) 1
(1044, 589) 1
(1044, 596) 1
(1044, 597) 2
(1044, 603) 1
(1044, 626) 1
(1044, 696) 4
(1045, 258) 1
(1045, 414) 1
(1045, 439) 1
(1045, 447) 1
(1045, 704) 1
(1045, 742) 1
(1045, 877) 1
(1046, 307) 1
(1046, 340) 1
(1046, 355) 1
(1046, 400) 1
(1046, 523) 1
(1046, 536) 1
(1046, 597) 1
(1046, 598) 1
(1046, 638) 1
(1046, 675) 1
(1046, 714) 1
(1046, 747) 1
(1047, 343) 1
(1047, 376) 1
(1047, 379) 1
(1047, 438) 1
(1047, 449) 1
(1047, 482) 1
(1047, 598) 1
(1047, 599) 1
(1047, 600) 1
(1047, 602) 2
(1047, 693) 1
(1047, 698) 2
(1047, 715) 1
(1047, 727) 1
(1047, 767) 1
(1047, 819) 1
(1048, 449) 1
(1048, 524) 1
(1048, 552) 1
(1048, 699) 2
(1048, 701) 2
(1048, 726) 1
(1048, 747) 1
(1049, 337) 1
(1049, 361) 1
(1049, 448) 1
(1049, 558) 1
(1049, 563) 1
(1049, 574) 1
(1049, 580) 1
(1049, 617) 1
(1049, 699) 1
(1050, 100) 1
(1050, 136) 3
(1050, 139) 1
(1050, 144) 1
(1050, 147) 1
(1050, 150) 1
(1050, 151) 2
(1050, 152) 1
(1050, 155) 1
(1050, 157) 2
(1050, 158) 1
(1050, 159) 1
(1050, 160) 1
(1050, 162) 2
(1050, 163) 1
(1050, 164) 2
(1050, 165) 2
(1050, 166) 1
(1050, 167) 2
(1050, 170) 1
(1050, 171) 2
(1050, 173) 1
(1050, 174) 3
(1050, 175) 2
(1050, 176) 1
(1050, 177) 1
(1050, 179) 4
(1050, 180) 1
(1050, 181) 2
(1050, 182) 1
(1050, 183) 1
(1050, 184) 1
(1050, 185) 5
(1050, 186) 5
(1050, 188) 2
(1050, 189) 2
(1050, 191) 5
(1050, 192) 3
(1050, 193) 4
(1050, 194) 4
(1050, 195) 1
(1050, 196) 4
(1050, 197) 3
(1050, 198) 6
(1050, 199) 3
(1050, 200) 4
(1050, 201) 5
(1050, 202) 7
(1050, 203) 4
(1050, 204) 6
(1050, 205) 6
(1050, 206) 6
(1050, 208) 2
(1050, 209) 4
(1050, 210) 6
(1050, 211) 3
(1050, 212) 5
(1050, 213) 8
(1050, 214) 7
(1050, 215) 4
(1050, 216) 10
(1050, 217) 12
(1050, 218) 4
(1050, 219) 6
(1050, 220) 5
(1050, 221) 7
(1050, 222) 8
(1050, 223) 7
(1050, 224) 6
(1050, 225) 10
(1050, 226) 6
(1050, 227) 4
(1050, 228) 4
(1050, 229) 6
(1050, 230) 9
(1050, 231) 10
(1050, 232) 12
(1050, 233) 6
(1050, 234) 7
(1050, 235) 9
(1050, 236) 3
(1050, 237) 4
(1050, 238) 5
(1050, 239) 14
(1050, 240) 12
(1050, 241) 14
(1050, 242) 10
(1050, 243) 11
(1050, 244) 16
(1050, 245) 20
(1050, 246) 9
(1050, 247) 11
(1050, 248) 11
(1050, 249) 17
(1050, 250) 19
(1050, 251) 12
(1050, 252) 22
(1050, 253) 21
(1050, 254) 9
(1050, 255) 17
(1050, 256) 12
(1050, 257) 20
(1050, 258) 10
(1050, 259) 14
(1050, 260) 14
(1050, 261) 13
(1050, 262) 15
(1050, 263) 15
(1050, 264) 13
(1050, 265) 19
(1050, 266) 17
(1050, 267) 18
(1050, 268) 19
(1050, 269) 21
(1050, 270) 18
(1050, 271) 13
(1050, 272) 19
(1050, 273) 9
(1050, 274) 21
(1050, 275) 15
(1050, 276) 10
(1050, 277) 15
(1050, 278) 9
(1050, 279) 17
(1050, 280) 11
(1050, 281) 16
(1050, 282) 21
(1050, 283) 23
(1050, 284) 19
(1050, 285) 17
(1050, 286) 18
(1050, 287) 18
(1050, 288) 14
(1050, 289) 17
(1050, 290) 14
(1050, 291) 19
(1050, 292) 18
(1050, 293) 14
(1050, 294) 14
(1050, 295) 17
(1050, 296) 24
(1050, 297) 18
(1050, 298) 25
(1050, 299) 20
(1050, 300) 23
(1050, 301) 22
(1050, 302) 19
(1050, 303) 16
(1050, 304) 18
(1050, 305) 16
(1050, 306) 18
(1050, 307) 28
(1050, 308) 27
(1050, 309) 21
(1050, 310) 15
(1050, 311) 11
(1050, 312) 18
(1050, 313) 20
(1050, 314) 19
(1050, 315) 27
(1050, 316) 20
(1050, 317) 22
(1050, 318) 17
(1050, 319) 21
(1050, 320) 21
(1050, 321) 26
(1050, 322) 18
(1050, 323) 22
(1050, 324) 20
(1050, 325) 28
(1050, 326) 24
(1050, 327) 26
(1050, 328) 15
(1050, 329) 31
(1050, 330) 15
(1050, 331) 20
(1050, 332) 34
(1050, 333) 35
(1050, 334) 18
(1050, 335) 27
(1050, 336) 22
(1050, 337) 18
(1050, 338) 18
(1050, 339) 22
(1050, 340) 25
(1050, 341) 27
(1050, 342) 26
(1050, 343) 25
(1050, 344) 21
(1050, 345) 21
(1050, 346) 30
(1050, 347) 29
(1050, 348) 25
(1050, 349) 26
(1050, 350) 21
(1050, 351) 23
(1050, 352) 27
(1050, 353) 17
(1050, 354) 29
(1050, 355) 21
(1050, 356) 23
(1050, 357) 19
(1050, 358) 21
(1050, 359) 21
(1050, 360) 19
(1050, 361) 22
(1050, 362) 27
(1050, 363) 24
(1050, 364) 23
(1050, 365) 21
(1050, 366) 21
(1050, 367) 23
(1050, 368) 26
(1050, 369) 23
(1050, 370) 20
(1050, 371) 22
(1050, 372) 19
(1050, 373) 20
(1050, 374) 19
(1050, 375) 29
(1050, 376) 25
(1050, 377) 19
(1050, 378) 24
(1050, 379) 26
(1050, 380) 20
(1050, 381) 15
(1050, 382) 22
(1050, 383) 26
(1050, 384) 31
(1050, 385) 19
(1050, 386) 16
(1050, 387) 20
(1050, 388) 20
(1050, 389) 14
(1050, 390) 27
(1050, 391) 24
(1050, 392) 16
(1050, 393) 15
(1050, 394) 22
(1050, 395) 23
(1050, 396) 25
(1050, 397) 21
(1050, 398) 16
(1050, 399) 19
(1050, 400) 17
(1050, 401) 24
(1050, 402) 24
(1050, 403) 22
(1050, 404) 25
(1050, 405) 20
(1050, 406) 23
(1050, 407) 26
(1050, 408) 24
(1050, 409) 26
(1050, 410) 24
(1050, 411) 25
(1050, 412) 28
(1050, 413) 15
(1050, 414) 24
(1050, 415) 20
(1050, 416) 19
(1050, 417) 18
(1050, 418) 17
(1050, 419) 18
(1050, 420) 23
(1050, 421) 15
(1050, 422) 22
(1050, 423) 25
(1050, 424) 14
(1050, 425) 21
(1050, 426) 12
(1050, 427) 14
(1050, 428) 16
(1050, 429) 21
(1050, 430) 22
(1050, 431) 17
(1050, 432) 19
(1050, 433) 20
(1050, 434) 20
(1050, 435) 23
(1050, 436) 16
(1050, 437) 14
(1050, 438) 12
(1050, 439) 18
(1050, 440) 20
(1050, 441) 23
(1050, 442) 20
(1050, 443) 19
(1050, 444) 19
(1050, 445) 17
(1050, 446) 15
(1050, 447) 17
(1050, 448) 15
(1050, 449) 46
(1050, 450) 1556
(1050, 451) 47
(1050, 452) 15
(1050, 453) 17
(1050, 454) 12
(1050, 455) 20
(1050, 456) 16
(1050, 457) 11
(1050, 458) 13
(1050, 459) 17
(1050, 460) 13
(1050, 461) 12
(1050, 462) 15
(1050, 463) 14
(1050, 464) 14
(1050, 465) 17
(1050, 466) 7
(1050, 467) 14
(1050, 468) 7
(1050, 469) 17
(1050, 470) 16
(1050, 471) 13
(1050, 472) 14
(1050, 473) 19
(1050, 474) 14
(1050, 475) 7
(1050, 476) 11
(1050, 477) 9
(1050, 478) 15
(1050, 479) 13
(1050, 480) 11
(1050, 481) 9
(1050, 482) 9
(1050, 483) 7
(1050, 484) 15
(1050, 485) 7
(1050, 486) 8
(1050, 487) 14
(1050, 488) 4
(1050, 489) 11
(1050, 490) 14
(1050, 491) 11
(1050, 492) 9
(1050, 493) 13
(1050, 494) 12
(1050, 495) 11
(1050, 496) 19
(1050, 497) 10
(1050, 498) 8
(1050, 499) 15
(1050, 500) 5
(1050, 501) 11
(1050, 502) 13
(1050, 503) 16
(1050, 504) 7
(1050, 505) 5
(1050, 506) 13
(1050, 507) 9
(1050, 508) 12
(1050, 509) 10
(1050, 510) 13
(1050, 511) 9
(1050, 512) 10
(1050, 513) 7
(1050, 514) 7
(1050, 515) 7
(1050, 516) 7
(1050, 517) 10
(1050, 518) 9
(1050, 519) 5
(1050, 520) 10
(1050, 521) 11
(1050, 522) 10
(1050, 523) 8
(1050, 524) 5
(1050, 525) 1303
(1050, 526) 48
(1050, 527) 48
(1050, 528) 20
(1050, 529) 9
(1050, 530) 7
(1050, 531) 5
(1050, 532) 8
(1050, 533) 7
(1050, 534) 7
(1050, 535) 7
(1050, 536) 10
(1050, 537) 9
(1050, 538) 9
(1050, 539) 5
(1050, 540) 6
(1050, 541) 9
(1050, 542) 2
(1050, 543) 11
(1050, 544) 8
(1050, 545) 4
(1050, 546) 8
(1050, 547) 6
(1050, 548) 11
(1050, 549) 5
(1050, 550) 7
(1050, 551) 8
(1050, 552) 4
(1050, 553) 7
(1050, 554) 4
(1050, 555) 8
(1050, 556) 7
(1050, 557) 7
(1050, 558) 9
(1050, 559) 3
(1050, 560) 12
(1050, 561) 7
(1050, 562) 8
(1050, 563) 6
(1050, 564) 9
(1050, 565) 15
(1050, 566) 10
(1050, 567) 2
(1050, 568) 4
(1050, 569) 7
(1050, 570) 6
(1050, 571) 7
(1050, 572) 10
(1050, 573) 5
(1050, 574) 8
(1050, 575) 5
(1050, 576) 8
(1050, 577) 8
(1050, 578) 4
(1050, 579) 8
(1050, 580) 6
(1050, 581) 4
(1050, 582) 4
(1050, 583) 6
(1050, 584) 8
(1050, 585) 7
(1050, 586) 4
(1050, 587) 6
(1050, 588) 7
(1050, 589) 5
(1050, 590) 24
(1050, 591) 280
(1050, 592) 9
(1050, 593) 6
(1050, 594) 8
(1050, 595) 6
(1050, 596) 3
(1050, 597) 11
(1050, 598) 9
(1050, 599) 88
(1050, 600) 2549
(1050, 601) 66
(1050, 602) 16
(1050, 603) 23
(1050, 604) 7
(1050, 605) 12
(1050, 606) 14
(1050, 607) 8
(1050, 608) 4
(1050, 609) 6
(1050, 610) 2
(1050, 611) 5
(1050, 612) 8
(1050, 613) 5
(1050, 614) 4
(1050, 615) 6
(1050, 616) 6
(1050, 617) 8
(1050, 618) 6
(1050, 619) 4
(1050, 620) 5
(1050, 621) 7
(1050, 622) 7
(1050, 623) 3
(1050, 624) 6
(1050, 625) 4
(1050, 626) 2
(1050, 627) 5
(1050, 628) 4
(1050, 629) 13
(1050, 630) 123
(1050, 631) 16
(1050, 632) 4
(1050, 633) 2
(1050, 634) 5
(1050, 635) 6
(1050, 636) 5
(1050, 637) 4
(1050, 638) 4
(1050, 639) 6
(1050, 640) 5
(1050, 641) 3
(1050, 642) 3
(1050, 643) 6
(1050, 644) 5
(1050, 645) 3
(1050, 646) 4
(1050, 647) 6
(1050, 648) 1
(1050, 649) 4
(1050, 650) 6
(1050, 651) 4
(1050, 652) 3
(1050, 653) 6
(1050, 654) 5
(1050, 655) 7
(1050, 656) 4
(1050, 657) 6
(1050, 658) 5
(1050, 659) 5
(1050, 660) 2
(1050, 661) 4
(1050, 662) 5
(1050, 663) 8
(1050, 664) 2
(1050, 665) 4
(1050, 666) 6
(1050, 667) 7
(1050, 668) 6
(1050, 669) 7
(1050, 670) 6
(1050, 671) 7
(1050, 672) 5
(1050, 673) 2
(1050, 674) 7
(1050, 675) 45
(1050, 676) 8
(1050, 677) 11
(1050, 678) 11
(1050, 679) 5
(1050, 680) 10
(1050, 681) 9
(1050, 682) 6
(1050, 683) 7
(1050, 684) 11
(1050, 685) 9
(1050, 686) 6
(1050, 687) 13
(1050, 688) 4
(1050, 689) 7
(1050, 690) 12
(1050, 691) 32
(1050, 692) 8
(1050, 693) 10
(1050, 694) 11
(1050, 695) 30
(1050, 696) 9
(1050, 697) 25
(1050, 698) 24
(1050, 699) 65
(1050, 700) 3330
(1050, 701) 265
(1050, 702) 66
(1050, 703) 37
(1050, 704) 17
(1050, 705) 10
(1050, 706) 10
(1050, 707) 13
(1050, 708) 8
(1050, 709) 8
(1050, 710) 7
(1050, 711) 5
(1050, 712) 16
(1050, 713) 5
(1050, 714) 10
(1050, 715) 12
(1050, 716) 7
(1050, 717) 6
(1050, 718) 6
(1050, 719) 8
(1050, 720) 8
(1050, 721) 13
(1050, 722) 9
(1050, 723) 8
(1050, 724) 9
(1050, 725) 10
(1050, 726) 11
(1050, 727) 8
(1050, 728) 8
(1050, 729) 7
(1050, 730) 7
(1050, 731) 10
(1050, 732) 10
(1050, 733) 6
(1050, 734) 6
(1050, 735) 18
(1050, 736) 11
(1050, 737) 8
(1050, 738) 10
(1050, 739) 7
(1050, 740) 10
(1050, 741) 8
(1050, 742) 8
(1050, 743) 11
(1050, 744) 1
(1050, 745) 9
(1050, 746) 5
(1050, 747) 8
(1050, 748) 9
(1050, 749) 12
(1050, 750) 136
(1050, 751) 17
(1050, 752) 12
(1050, 753) 3
(1050, 754) 10
(1050, 755) 6
(1050, 756) 6
(1050, 757) 6
(1050, 758) 6
(1050, 759) 14
(1050, 760) 10
(1050, 761) 5
(1050, 762) 8
(1050, 763) 12
(1050, 764) 3
(1050, 765) 3
(1050, 766) 4
(1050, 767) 8
(1050, 768) 8
(1050, 769) 1
(1050, 770) 1
(1050, 771) 10
(1050, 772) 8
(1050, 773) 4
(1050, 774) 4
(1050, 775) 9
(1050, 776) 5
(1050, 777) 7
(1050, 778) 4
(1050, 779) 6
(1050, 780) 14
(1050, 781) 6
(1050, 782) 3
(1050, 783) 2
(1050, 784) 6
(1050, 785) 3
(1050, 786) 11
(1050, 787) 4
(1050, 788) 21
(1050, 789) 1
(1050, 790) 4
(1050, 791) 5
(1050, 792) 7
(1050, 793) 2
(1050, 794) 4
(1050, 795) 7
(1050, 796) 2
(1050, 797) 3
(1050, 798) 4
(1050, 799) 6
(1050, 800) 2
(1050, 801) 1
(1050, 802) 4
(1050, 803) 3
(1050, 804) 3
(1050, 805) 1
(1050, 806) 7
(1050, 807) 4
(1050, 808) 9
(1050, 809) 1
(1050, 810) 3
(1050, 811) 5
(1050, 812) 1
(1050, 813) 2
(1050, 814) 3
(1050, 815) 3
(1050, 816) 1
(1050, 817) 1
(1050, 818) 2
(1050, 819) 2
(1050, 820) 3
(1050, 821) 5
(1050, 822) 3
(1050, 823) 3
(1050, 824) 1
(1050, 825) 1
(1050, 826) 2
(1050, 827) 2
(1050, 828) 1
(1050, 829) 1
(1050, 830) 4
(1050, 831) 6
(1050, 832) 2
(1050, 833) 1
(1050, 834) 2
(1050, 836) 2
(1050, 837) 2
(1050, 838) 1
(1050, 839) 2
(1050, 840) 2
(1050, 841) 3
(1050, 843) 1
(1050, 844) 1
(1050, 846) 1
(1050, 847) 1
(1050, 848) 1
(1050, 849) 1
(1050, 850) 2
(1050, 853) 2
(1050, 855) 1
(1050, 856) 1
(1050, 858) 2
(1050, 861) 1
(1050, 863) 2
(1050, 864) 1
(1050, 866) 1
(1050, 868) 2
(1050, 871) 1
(1050, 872) 1
(1050, 874) 1
(1050, 875) 2
(1050, 877) 1
(1050, 878) 1
(1050, 880) 1
(1050, 884) 1
(1050, 886) 1
(1050, 887) 1
(1050, 890) 2
(1050, 891) 1
(1050, 892) 3
(1050, 895) 1
(1050, 899) 1
(1050, 900) 2
(1050, 910) 1
(1050, 914) 1
(1050, 915) 1
(1050, 923) 1
(1050, 933) 1
(1050, 948) 1
(1050, 962) 1
(1050, 970) 1
(1050, 973) 1
(1050, 975) 1
(1050, 990) 1
(1050, 996) 1
(1050, 999) 1
(1050, 1012) 1
(1050, 1050) 2
(1050, 1178) 1
(1050, 1310) 1
(1050, 1379) 1
(1050, 1476) 1
(1050, 1572) 1
(1050, 1575) 1
(1051, 603) 1
(1052, 599) 1
(1053, 609) 1
(1053, 674) 1
(1054, 598) 1
(1054, 607) 1
(1055, 744) 1
(1056, 350) 1
(1056, 559) 1
(1056, 597) 1
(1056, 598) 1
(1057, 593) 1
(1057, 597) 1
(1057, 760) 1
(1058, 599) 1
(1058, 707) 1
(1058, 727) 1
(1061, 673) 1
(1061, 730) 1
(1063, 562) 1
(1063, 747) 1
(1067, 507) 1
(1068, 543) 1
(1072, 406) 1
(1076, 615) 1
(1076, 728) 1
(1077, 563) 1
(1078, 670) 1
(1083, 611) 1
(1086, 744) 1
(1092, 572) 1
(1093, 426) 1
(1094, 563) 1
(1094, 638) 1
(1095, 737) 1
(1098, 593) 1
(1098, 623) 1
(1100, 389) 1
(1100, 592) 1
(1102, 549) 1
(1102, 551) 1
(1108, 612) 1
(1108, 642) 1
(1108, 742) 1
(1108, 781) 1
(1111, 718) 1
(1124, 630) 1
(1134, 330) 1
(1134, 607) 1
(1140, 621) 1
(1146, 746) 1
(1147, 369) 1
(1155, 235) 1
(1159, 692) 1
(1160, 683) 1
(1163, 583) 1
(1170, 653) 1
(1170, 673) 1
(1173, 653) 1
(1174, 631) 1
(1178, 647) 1
(1178, 708) 1
(1180, 671) 1
(1182, 618) 1
(1183, 600) 1
(1190, 658) 1
(1191, 417) 1
(1192, 676) 1
(1194, 346) 1
(1196, 655) 1
(1203, 708) 1
(1204, 774) 1
(1206, 553) 1
(1206, 674) 1
(1210, 594) 1
(1210, 668) 1
(1218, 609) 1
(1238, 592) 1
(1246, 280) 1
(1247, 675) 1
(1248, 696) 1
(1252, 640) 1
(1253, 670) 1
(1256, 523) 1
(1257, 668) 1
(1257, 791) 1
(1260, 750) 5
(1263, 227) 1
(1265, 416) 1
(1272, 586) 1
(1272, 820) 1
(1274, 466) 1
(1277, 644) 1
(1294, 477) 1
(1297, 296) 1
(1302, 685) 1
(1312, 710) 1
(1324, 427) 1
(1324, 563) 1
(1331, 233) 1
(1333, 187) 1
(1333, 414) 1
(1340, 318) 1
(1344, 248) 1
(1347, 292) 1
(1348, 276) 1
(1348, 302) 1
(1348, 327) 1
(1348, 332) 1
(1348, 343) 1
(1348, 421) 1
(1348, 435) 1
(1348, 667) 1
(1349, 190) 1
(1350, 250) 1
(1350, 293) 1
(1350, 438) 1
(1350, 658) 1
(1354, 615) 1
(1356, 269) 1
(1358, 391) 1
(1366, 477) 1
(1369, 700) 1
(1372, 439) 1
(1374, 457) 1
(1382, 558) 1
(1384, 659) 1
(1390, 495) 1
(1397, 273) 1
(1400, 601) 1
(1400, 602) 1
(1402, 584) 1
(1407, 485) 1
(1418, 675) 1
(1423, 657) 1
(1432, 696) 1
(1434, 678) 1
(1436, 287) 1
(1442, 715) 1
(1444, 701) 1
(1446, 662) 1
(1447, 353) 1
(1447, 818) 1
(1450, 649) 1
(1452, 723) 1
(1454, 701) 1
(1456, 336) 1
(1484, 650) 1
(1497, 613) 1
(1500, 680) 1
(1500, 710) 1
(1500, 735) 6
(1500, 750) 2
(1504, 264) 1
(1504, 698) 1
(1505, 555) 1
(1516, 493) 1
(1520, 685) 1
(1525, 711) 1
(1526, 633) 1
(1536, 317) 1
(1536, 357) 1
(1543, 628) 1
(1552, 695) 1
(1553, 288) 1
(1553, 727) 1
(1557, 723) 1
(1570, 736) 1
(1585, 383) 1
(1595, 671) 1
(1600, 732) 1
(1608, 708) 1
(1621, 700) 2
(1629, 419) 1
(1641, 187) 1
(1646, 634) 1
(1654, 289) 1
(1663, 737) 1
(1665, 396) 1
(1666, 534) 1
(1673, 414) 1
(1674, 663) 1
(1683, 700) 1
(1693, 616) 1
(1695, 702) 1
(1697, 648) 1
(1713, 322) 1
(1719, 322) 1
(1719, 364) 1
(1726, 600) 1
(1726, 700) 1
(1736, 623) 1
(1748, 754) 1
(1752, 297) 1
(1756, 208) 1
(1764, 836) 1
(1774, 561) 1
(1775, 264) 1
(1785, 438) 1
(1789, 668) 1
(1800, 700) 88
(1808, 732) 1
(1809, 316) 1
(1809, 417) 1
(1813, 608) 1
(1814, 359) 1
(1833, 644) 1
(1838, 263) 1
(1859, 696) 1
(1883, 757) 1
(1890, 353) 1
(1900, 654) 1
(1915, 269) 1
(1923, 372) 1
(1923, 537) 1
(1926, 544) 1
(1972, 682) 1
(1974, 743) 1
(1986, 450) 1
(1991, 309) 1
(2001, 331) 1
(2003, 349) 1
(2004, 731) 1
(2013, 400) 1
(2017, 690) 1
(2020, 741) 1
(2032, 648) 1
(2050, 732) 1
(2060, 607) 1
(2072, 661) 1
(2082, 326) 1
(2091, 588) 1
(2102, 267) 1
(2104, 738) 1
(2115, 566) 1
(2115, 596) 3
(2115, 603) 1
(2116, 661) 1
(2120, 594) 2
(2132, 389) 1
(2140, 668) 1
(2150, 747) 1
(2153, 700) 1
(2155, 587) 1
(2160, 700) 1
(2189, 674) 1
(2200, 732) 1
(2232, 700) 1
(2235, 390) 1
(2245, 209) 1
(2253, 638) 1
(2253, 740) 1
(2267, 546) 1
(2269, 331) 1
(2270, 809) 1
(2283, 511) 1
(2287, 464) 1
(2290, 657) 1
(2295, 773) 1
(2296, 410) 1
(2310, 269) 1
(2346, 486) 1
(2363, 253) 1
(2363, 718) 1
(2383, 696) 2
(2387, 520) 1
(2390, 622) 1
(2405, 692) 1
(2436, 300) 1
(2450, 741) 1
(2460, 450) 1
(2468, 696) 1
(2469, 312) 1
(2472, 479) 1
(2478, 391) 1
(2495, 640) 1
(2496, 263) 1
(2528, 382) 1
(2540, 315) 1
(2589, 640) 1
(2600, 872) 1
(2610, 483) 1
(2618, 304) 1
(2639, 384) 1
(2644, 268) 1
(2650, 666) 1
(2665, 727) 1
(2670, 781) 1
(2688, 530) 1
(2690, 632) 1
(2691, 611) 1
(2692, 557) 1
(2697, 525) 1
(2697, 528) 1
(2700, 522) 1
(2700, 523) 1
(2700, 524) 1
(2700, 525) 15
(2700, 526) 6
(2700, 527) 1
(2700, 528) 3
(2700, 529) 1
(2745, 502) 1
(2751, 384) 1
(2780, 614) 1
(2783, 510) 1
(2795, 536) 1
(2823, 246) 1
(2825, 717) 1
(2833, 293) 1
(2858, 632) 1
(2933, 722) 1
(2935, 646) 1
(2970, 693) 2
(2985, 740) 1
(3008, 698) 2
(3010, 684) 1
(3010, 747) 1
(3080, 515) 1
(3080, 668) 1
(3086, 718) 1
(3090, 770) 1
(3115, 735) 1
(3115, 753) 1
(3150, 812) 1
(3155, 716) 1
(3161, 751) 1
(3163, 721) 1
(3166, 488) 1
(3187, 318) 1
(3210, 679) 1
(3240, 872) 1
(3355, 681) 1
(3355, 720) 1
(3390, 743) 1
(3412, 747) 1
(3456, 700) 3
(3501, 264) 1
(3501, 700) 1
(3610, 654) 1
(3621, 561) 1
(3625, 629) 1
(3630, 606) 1
(3729, 700) 1
(3760, 572) 1
(3780, 656) 1
(3819, 479) 1
(3865, 542) 1
(3870, 559) 1
(4020, 682) 1
(4170, 781) 1
(4210, 646) 1
(4300, 715) 1
(4410, 750) 1
(4430, 685) 1
(4565, 590) 1
(4570, 694) 1
(5170, 656) 1
(5250, 564) 1
(5450, 690) 1
(5640, 663) 1
(5959, 695) 17
