Height distribuition
  30 -   83 |    16
  83 -  136 |    87
 136 -  189 |   316
 189 -  242 |   734
 242 -  295 |  1411
 295 -  348 |  1871
 348 -  401 |  1980
 401 -  454 |  3459
 454 -  507 |  2105
 507 -  560 |  2388
 560 -  613 |  4324
 613 -  666 |   788
 666 -  719 |  4846
 719 -  772 |   660
 772 -  825 |   255
 825 -  878 |    68
 878 -  931 |    25
 931 -  984 |     8
 984 - 1037 |    10
1037 - 1090 |     2
1090 - 1143 |     1
1143 - 1196 |     1
1196 - 1249 |     0
1249 - 1302 |     0
1302 - 1355 |     1
1355 - 1408 |     1
1408 - 1461 |     0
1461 - 1514 |     2
1514 - 1567 |     0
1567 - 1620 |     2

Width distribution
  77 -  255 |    56
 255 -  433 |   294
 433 -  611 |   810
 611 -  789 |  2456
 789 -  967 |  2342
 967 - 1145 | 18948
1145 - 1323 |    51
1323 - 1501 |    62
1501 - 1679 |    30
1679 - 1857 |   113
1857 - 2035 |    19
2035 - 2213 |    23
2213 - 2391 |    21
2391 - 2569 |    12
2569 - 2747 |    45
2747 - 2925 |     8
2925 - 3103 |    13
3103 - 3281 |    10
3281 - 3459 |     7
3459 - 3637 |     6
3637 - 3815 |     3
3815 - 3993 |     3
3993 - 4171 |     2
4171 - 4349 |     2
4349 - 4527 |     2
4527 - 4705 |     2
4705 - 4883 |     0
4883 - 5061 |     0
5061 - 5239 |     1
5239 - 5417 |     1
5417 - 5595 |     1
5595 - 5773 |     1
5773 - 5951 |     0
5951 - 6129 |    17

Heights with more than 300 occurences (Height | Occurrences)
 450 |  1733 
 500 |   769 
 525 |  1334 
 591 |   308 
 600 |  2695 
 700 |  3445 


Widths with more than 300 occurences (Width | Occurrences)
 700 |   914 
1000 |   377 
1050 | 17509 


